  108.88330078   34.08330154
  121.19999695   30.10000038
  121.33999634   30.73999977
  118.66609955   37.43999863
  120.75939941   37.79219818
  119.20420074   36.74580002
  117.55000305   36.68330002
  101.50000000   29.00000000
  114.25000000   25.07999992
  119.23500061   34.53779984
  120.98329926   32.08330154
  121.16000366   30.93000031
  113.81999969   23.32999992
  109.58750153   18.22640038
  114.36000061   27.79000092
  113.61000061   23.55999947
  115.75000000   23.90999985
  116.69000244   23.65999985
  111.58999634   22.70000076
  118.90830231   31.94000053
  118.36669922   31.38330078
  113.02999878   22.53000069
  113.55000305   22.70000076
  111.86000061   21.55999947
  123.51000214   41.72000122
  112.37000275   24.79999924
  114.20999908   22.68000031
  113.19999695   22.06999969
  120.23329926   36.33330154
  114.23999786   23.78000069
  110.15000153   20.00000000
  112.33000183   16.81999969
  110.96389771   30.82999992
  121.47000122   31.18000031
   87.64579773   43.78889847
  117.28330231   39.73329926
  113.11609650   33.77080154
  120.76670074   30.73329926
  117.98500061   27.61669922
  117.36940002   25.94529915
  119.70249939   30.21809959
  120.28559875   30.17359924
  119.03309631   29.60810089
  120.08689880   29.34140015
  103.88330078   36.04999924
  116.29029846   39.98690033
  115.96669769   40.45000076
  116.47000122   39.80690002
  113.49859619   23.22920036
