51463     43.788898     87.645798    935.00     60.00      8.500000      8.400000 90. 50.
51463     43.788898     87.645798    935.00    120.00      5.900000      8.700000 90. 50.
51463     43.788898     87.645798    935.00    180.00      1.100000      7.000000 90. 90.
51463     43.788898     87.645798    935.00    240.00    351.500000      3.900000 90. 90.
51463     43.788898     87.645798    935.00    300.00    340.000000      3.600000 90. 90.
51463     43.788898     87.645798    935.00    360.00    337.700012      3.700000 90. 90.
51463     43.788898     87.645798    935.00    420.00    330.100006      4.400000 90. 90.
51463     43.788898     87.645798    935.00    480.00    319.799988      5.100000 90. 90.
51463     43.788898     87.645798    935.00    540.00    316.200012      5.900000 90. 90.
51463     43.788898     87.645798    935.00    600.00    313.200012      6.800000 90. 90.
51463     43.788898     87.645798    935.00    660.00    311.000000      7.900000 90. 90.
51463     43.788898     87.645798    935.00    720.00    309.399994      9.000000 90. 90.
51463     43.788898     87.645798    935.00    780.00    307.799988      9.400000 90. 90.
51463     43.788898     87.645798    935.00    840.00    307.799988      9.700000 90. 90.
51463     43.788898     87.645798    935.00    900.00    309.299988      9.800000 90. 90.
51463     43.788898     87.645798    935.00    960.00    312.000000      9.600000 90. 90.
51463     43.788898     87.645798    935.00   1020.00    315.700012      9.300000 90. 90.
51463     43.788898     87.645798    935.00   1080.00    318.799988      9.000000 90. 90.
51463     43.788898     87.645798    935.00   1140.00    322.299988      8.800000 90. 90.
51463     43.788898     87.645798    935.00   1200.00    325.700012      8.500000 90. 90.
51463     43.788898     87.645798    935.00   1260.00    327.500000      8.300000 90. 90.
51463     43.788898     87.645798    935.00   1320.00    329.899994      8.000000 90. 90.
51463     43.788898     87.645798    935.00   1380.00    327.899994      8.200000 90. 90.
51463     43.788898     87.645798    935.00   1440.00    331.700012      7.800000 90. 90.
51463     43.788898     87.645798    935.00   1500.00    332.799988      7.700000 90. 90.
51463     43.788898     87.645798    935.00   1560.00    333.899994      7.500000 90. 90.
51463     43.788898     87.645798    935.00   1620.00    332.899994      7.400000 90. 90.
51463     43.788898     87.645798    935.00   1680.00    327.000000      7.400000 90. 90.
51463     43.788898     87.645798    935.00   1740.00    322.500000      7.300000 90. 90.
51463     43.788898     87.645798    935.00   1800.00    319.200012      7.200000 90. 90.
51463     43.788898     87.645798    935.00    600.00    316.299988      6.200000 90. 90.
51463     43.788898     87.645798    935.00    720.00    310.500000      8.000000 90. 90.
51463     43.788898     87.645798    935.00    840.00    310.399994      9.000000 90. 90.
51463     43.788898     87.645798    935.00    960.00    312.200012      9.300000 90. 90.
51463     43.788898     87.645798    935.00   1080.00    319.399994      8.900000 90. 90.
51463     43.788898     87.645798    935.00   1200.00    324.299988      8.300000 90. 90.
51463     43.788898     87.645798    935.00   1320.00    326.799988      8.300000 90. 90.
51463     43.788898     87.645798    935.00   1440.00    331.299988      7.700000 90. 90.
51463     43.788898     87.645798    935.00   1560.00    334.000000      7.400000 90. 90.
51463     43.788898     87.645798    935.00   1680.00    329.200012      7.300000 90. 90.
51463     43.788898     87.645798    935.00   1800.00    325.700012      6.800000 90. 90.
51463     43.788898     87.645798    935.00   1920.00    315.700012      6.400000 90. 90.
51463     43.788898     87.645798    935.00   2040.00    315.399994      5.500000 90. 90.
51463     43.788898     87.645798    935.00   2160.00    321.299988      4.800000 90. 90.
51463     43.788898     87.645798    935.00   2280.00    324.500000      4.200000 90. 90.
51463     43.788898     87.645798    935.00   2400.00    315.100006      4.700000 90. 90.
51463     43.788898     87.645798    935.00   2520.00    328.799988      3.800000 90. 90.
51463     43.788898     87.645798    935.00   2640.00     28.400000      3.700000 90. 90.
51463     43.788898     87.645798    935.00   2760.00     40.200001      4.000000 90. 90.
51463     43.788898     87.645798    935.00   2880.00     44.000000      3.200000 90. 90.
51463     43.788898     87.645798    935.00   3000.00     45.799999      2.000000 90. 90.
51463     43.788898     87.645798    935.00   3120.00    339.600006      0.700000 90. 90.
51463     43.788898     87.645798    935.00   3240.00    276.299988      1.900000 90. 90.
51463     43.788898     87.645798    935.00   3360.00    265.299988      2.300000 90. 90.
51463     43.788898     87.645798    935.00   3480.00    237.100006      1.900000 90. 90.
51463     43.788898     87.645798    935.00   3600.00    188.399994      2.300000 90. 90.
51463     43.788898     87.645798    935.00   3720.00    171.399994      3.500000 90. 90.
51463     43.788898     87.645798    935.00   3840.00    173.800003      4.300000 90. 90.
51463     43.788898     87.645798    935.00   3960.00    183.899994      4.400000 90. 90.
51463     43.788898     87.645798    935.00   4080.00    195.899994      4.300000 90. 90.
51463     43.788898     87.645798    935.00   4200.00    209.899994      4.300000 90. 90.
51463     43.788898     87.645798    935.00   4320.00    218.699997      4.300000 90. 90.
51463     43.788898     87.645798    935.00   4440.00    227.300003      4.700000 90. 90.
51463     43.788898     87.645798    935.00   4560.00    230.899994      5.100000 90. 90.
51463     43.788898     87.645798    935.00   4680.00    232.300003      5.700000 90. 90.
51463     43.788898     87.645798    935.00   4800.00    231.800003      6.100000 90. 90.
51463     43.788898     87.645798    935.00   4920.00    229.199997      6.500000 90. 90.
51463     43.788898     87.645798    935.00   5040.00    224.300003      7.000000 90. 90.
51463     43.788898     87.645798    935.00   5160.00    218.600006      7.600000 90. 90.
51463     43.788898     87.645798    935.00   5280.00    214.699997      8.300000 90. 90.
51463     43.788898     87.645798    935.00   5400.00    212.699997      8.700000 90. 70.
51463     43.788898     87.645798    935.00   5520.00    211.199997      9.000000 90. 70.
51463     43.788898     87.645798    935.00   5640.00    210.800003      9.500000 90. 70.
51463     43.788898     87.645798    935.00   5760.00    209.600006      9.600000 90. 70.
51463     43.788898     87.645798    935.00   5880.00    207.800003     10.700000 90. 70.
51463     43.788898     87.645798    935.00   6000.00    204.899994     11.600000 90. 70.
51463     43.788898     87.645798    935.00   6120.00    203.600006     12.700000 90. 70.
51463     43.788898     87.645798    935.00   6240.00    204.300003     13.000000 90. 70.
51463     43.788898     87.645798    935.00   6360.00    202.000000     13.300000 90. 90.
51463     43.788898     87.645798    935.00   6480.00    203.100006     13.700000 90. 70.
51463     43.788898     87.645798    935.00   6600.00    201.100006     14.600000 90. 70.
51463     43.788898     87.645798    935.00   6720.00    201.100006     15.100000 90. 70.
51463     43.788898     87.645798    935.00   6840.00    200.800003     15.200000 90. 70.
51463     43.788898     87.645798    935.00   6960.00    200.300003     15.700000 90. 70.
51463     43.788898     87.645798    935.00   7080.00    199.500000     16.100000 90. 70.
51463     43.788898     87.645798    935.00   7200.00    199.000000     15.900000 90. 70.
51463     43.788898     87.645798    935.00   7320.00    198.600006     16.200001 90. 70.
51463     43.788898     87.645798    935.00   7440.00    197.699997     16.000000 90. 90.
51463     43.788898     87.645798    935.00   7560.00    197.000000     15.700000 90. 70.
51463     43.788898     87.645798    935.00   7680.00    195.600006     15.200000 90. 90.
