52889     36.049999    103.883301   1517.20     60.00    227.600006      0.300000 90. 70.
52889     36.049999    103.883301   1517.20    120.00    176.100006      0.100000 90. 70.
52889     36.049999    103.883301   1517.20    180.00    125.400002      0.100000 90. 70.
52889     36.049999    103.883301   1517.20    240.00     40.400002      0.100000 90. 90.
52889     36.049999    103.883301   1517.20    300.00     59.700001      0.300000 90. 90.
52889     36.049999    103.883301   1517.20    360.00     52.200001      0.300000 90. 50.
52889     36.049999    103.883301   1517.20    420.00    150.600006      0.400000 90. 70.
52889     36.049999    103.883301   1517.20    480.00    135.500000      0.900000 90. 50.
52889     36.049999    103.883301   1517.20    540.00    294.799988      1.100000 90. 50.
52889     36.049999    103.883301   1517.20    600.00    286.200012      2.600000 90. 50.
52889     36.049999    103.883301   1517.20    660.00    287.000000      3.000000 90. 50.
52889     36.049999    103.883301   1517.20    780.00    279.399994      4.300000 90. 50.
52889     36.049999    103.883301   1517.20    900.00     22.299999     10.000000 90. 50.
52889     36.049999    103.883301   1517.20    960.00     20.500000      9.300000 90. 50.
52889     36.049999    103.883301   1517.20   1020.00    350.700012      0.500000 90. 50.
52889     36.049999    103.883301   1517.20   1080.00     83.099998      1.100000 90. 50.
52889     36.049999    103.883301   1517.20   1140.00     79.400002      1.000000 90. 50.
52889     36.049999    103.883301   1517.20   1200.00     24.400000      0.900000 90. 50.
52889     36.049999    103.883301   1517.20   1260.00    275.700012      0.200000 90. 50.
52889     36.049999    103.883301   1517.20   1320.00     73.400002      0.300000 90. 50.
52889     36.049999    103.883301   1517.20    600.00    329.299988      0.600000 90. 50.
52889     36.049999    103.883301   1517.20    720.00    293.399994      0.900000 90. 50.
52889     36.049999    103.883301   1517.20    840.00    311.500000      0.200000 90. 50.
52889     36.049999    103.883301   1517.20    960.00    331.700012      0.400000 90. 50.
52889     36.049999    103.883301   1517.20   1080.00    354.500000      0.200000 90. 50.
52889     36.049999    103.883301   1517.20   1200.00     68.199997      0.200000 90. 50.
52889     36.049999    103.883301   1517.20   1320.00    309.500000      0.500000 90. 50.
52889     36.049999    103.883301   1517.20   1440.00    263.899994      0.200000 90. 50.
52889     36.049999    103.883301   1517.20   1560.00    264.799988      0.500000 90. 50.
52889     36.049999    103.883301   1517.20   1680.00    189.300003      0.400000 90. 50.
52889     36.049999    103.883301   1517.20   1800.00    208.300003      0.800000 90. 50.
52889     36.049999    103.883301   1517.20   1920.00    168.899994      0.600000 90. 50.
52889     36.049999    103.883301   1517.20   2040.00     79.199997      0.400000 90. 50.
52889     36.049999    103.883301   1517.20   2160.00    152.199997      0.500000 90. 50.
52889     36.049999    103.883301   1517.20   2280.00     79.099998      0.400000 90. 50.
52889     36.049999    103.883301   1517.20   2400.00     86.300003      0.300000 90. 50.
52889     36.049999    103.883301   1517.20   2520.00     92.599998      0.300000 90. 50.
52889     36.049999    103.883301   1517.20   2640.00    253.699997      0.500000 90. 50.
52889     36.049999    103.883301   1517.20   2760.00     56.599998      0.500000 90. 50.
52889     36.049999    103.883301   1517.20   2880.00    358.200012      0.800000 90. 50.
52889     36.049999    103.883301   1517.20   3000.00     16.299999      0.700000 90. 50.
52889     36.049999    103.883301   1517.20   3120.00     17.200001      0.500000 90. 50.
52889     36.049999    103.883301   1517.20   3240.00    177.699997      0.300000 90. 50.
52889     36.049999    103.883301   1517.20   3360.00    168.199997      0.300000 90. 50.
52889     36.049999    103.883301   1517.20   3480.00    176.000000      0.400000 90. 50.
52889     36.049999    103.883301   1517.20   3600.00     15.300000      1.200000 90. 50.
52889     36.049999    103.883301   1517.20   3720.00     10.300000      1.000000 90. 50.
52889     36.049999    103.883301   1517.20   3840.00    292.399994      0.200000 90. 50.
52889     36.049999    103.883301   1517.20   3960.00    184.000000      0.500000 90. 70.
52889     36.049999    103.883301   1517.20   4080.00    178.100006      0.200000 90. 90.
52889     36.049999    103.883301   1517.20   4200.00     19.400000      0.100000 90. 70.
52889     36.049999    103.883301   1517.20   4320.00    291.200012      0.000000 90. 70.
52889     36.049999    103.883301   1517.20   4440.00    120.099998      0.200000 90. 70.
52889     36.049999    103.883301   1517.20   4560.00    187.800003      0.600000 90. 90.
52889     36.049999    103.883301   1517.20   4680.00    151.699997      0.000000 90. 70.
52889     36.049999    103.883301   1517.20   4800.00    175.199997      0.200000 90. 70.
52889     36.049999    103.883301   1517.20   4920.00     56.099998      0.000000 90. 70.
52889     36.049999    103.883301   1517.20   5040.00    207.199997      0.200000 90. 70.
52889     36.049999    103.883301   1517.20   5160.00    282.899994      0.000000 90. 70.
52889     36.049999    103.883301   1517.20   5280.00    244.199997      0.100000 90. 70.
52889     36.049999    103.883301   1517.20   5400.00    236.100006      0.000000 90. 70.
52889     36.049999    103.883301   1517.20   5520.00    282.899994      0.000000 90. 70.
52889     36.049999    103.883301   1517.20   5640.00    129.500000      0.100000 90. 70.
52889     36.049999    103.883301   1517.20   5760.00     96.000000      0.100000 90. 70.
