54342     41.720001    123.510002     50.00    150.00    216.500000      2.500000 90. 70.
54342     41.720001    123.510002     50.00    270.00    214.199997      3.200000 90. 90.
54342     41.720001    123.510002     50.00    390.00    217.000000      3.800000 90. 70.
54342     41.720001    123.510002     50.00    510.00    222.100006      4.800000 90. 50.
54342     41.720001    123.510002     50.00    630.00    224.100006      4.800000 90. 70.
54342     41.720001    123.510002     50.00    750.00    211.899994      4.500000 90. 70.
54342     41.720001    123.510002     50.00    870.00    194.300003      6.300000 90. 90.
54342     41.720001    123.510002     50.00    990.00    179.199997      5.800000 90. 90.
54342     41.720001    123.510002     50.00   1110.00    183.800003      7.200000 90. 90.
54342     41.720001    123.510002     50.00   1230.00    191.199997      8.300000 90. 90.
54342     41.720001    123.510002     50.00   1350.00    185.000000      7.900000 90. 90.
54342     41.720001    123.510002     50.00   1470.00    185.899994      8.300000 90. 90.
54342     41.720001    123.510002     50.00   1590.00    187.199997      8.500000 90. 90.
54342     41.720001    123.510002     50.00   1710.00    186.199997      7.700000 90. 90.
54342     41.720001    123.510002     50.00   1830.00    183.899994      7.300000 90. 90.
54342     41.720001    123.510002     50.00   1950.00    184.300003      6.300000 90. 90.
54342     41.720001    123.510002     50.00   2070.00    162.600006      5.600000 90. 90.
54342     41.720001    123.510002     50.00   2190.00    154.500000      4.900000 90. 90.
54342     41.720001    123.510002     50.00   2310.00    144.100006      4.400000 90. 90.
54342     41.720001    123.510002     50.00   2430.00    130.600006      4.000000 90. 90.
54342     41.720001    123.510002     50.00   2550.00    122.300003      4.200000 90. 70.
54342     41.720001    123.510002     50.00   2670.00    117.300003      3.700000 90. 50.
54342     41.720001    123.510002     50.00   2790.00    132.399994      3.100000 90. 70.
54342     41.720001    123.510002     50.00   2910.00    129.199997      2.800000 90. 50.
54342     41.720001    123.510002     50.00   3030.00    126.500000      3.600000 90. 50.
54342     41.720001    123.510002     50.00   3150.00    123.000000      3.300000 90. 70.
54342     41.720001    123.510002     50.00   3270.00    112.900002      3.700000 90.  0.
54342     41.720001    123.510002     50.00   3390.00    117.500000      3.200000 90. 50.
54342     41.720001    123.510002     50.00   3510.00    131.500000      3.900000 90. 50.
54342     41.720001    123.510002     50.00   3630.00    125.500000      3.400000 70. 50.
54342     41.720001    123.510002     50.00   3750.00    136.699997      3.700000 70. 90.
54342     41.720001    123.510002     50.00   3870.00    130.000000      3.900000 90. 50.
54342     41.720001    123.510002     50.00   3990.00    121.099998      4.100000 90. 50.
54342     41.720001    123.510002     50.00   4110.00    105.599998      3.100000 90. 50.
54342     41.720001    123.510002     50.00   1230.00    188.000000      7.600000 90. 90.
54342     41.720001    123.510002     50.00   1470.00    184.100006      8.100000 90. 90.
54342     41.720001    123.510002     50.00   1710.00    185.500000      7.900000 90. 90.
54342     41.720001    123.510002     50.00   1950.00    181.500000      6.800000 90. 90.
54342     41.720001    123.510002     50.00   2190.00    157.800003      5.000000 90. 90.
54342     41.720001    123.510002     50.00   2430.00    132.500000      4.300000 90. 90.
54342     41.720001    123.510002     50.00   2670.00    135.500000      4.300000 90. 90.
54342     41.720001    123.510002     50.00   2910.00    131.399994      2.900000 90. 90.
54342     41.720001    123.510002     50.00   3150.00    125.000000      3.500000 90. 70.
54342     41.720001    123.510002     50.00   3390.00    116.599998      3.700000 90. 50.
54342     41.720001    123.510002     50.00   3630.00    132.199997      4.500000 90. 90.
54342     41.720001    123.510002     50.00   3870.00    127.300003      4.200000 90. 90.
54342     41.720001    123.510002     50.00   4110.00    118.400002      3.800000 90. 90.
54342     41.720001    123.510002     50.00   4350.00    111.000000      2.900000 90.  0.
54342     41.720001    123.510002     50.00   4590.00     96.500000      1.300000 90.  0.
