54399     39.986900    116.290298     20.40    150.00     39.500000      3.600000 90.  0.
54399     39.986900    116.290298     20.40    390.00     21.900000      2.100000 90. 90.
54399     39.986900    116.290298     20.40    510.00     39.200001      3.500000 90. 90.
54399     39.986900    116.290298     20.40    630.00     33.099998      3.900000 90. 90.
54399     39.986900    116.290298     20.40    750.00     10.700000      2.700000 90. 90.
54399     39.986900    116.290298     20.40    870.00     63.000000      1.100000 90. 90.
54399     39.986900    116.290298     20.40    990.00    121.500000      2.100000 90. 90.
54399     39.986900    116.290298     20.40   1110.00    161.199997      4.000000 90. 90.
54399     39.986900    116.290298     20.40   1230.00    171.000000      3.700000 90. 90.
54399     39.986900    116.290298     20.40   1350.00    207.600006      3.900000 90. 90.
54399     39.986900    116.290298     20.40   1470.00    227.600006      5.600000 90. 90.
54399     39.986900    116.290298     20.40   1590.00    232.000000      7.500000 90. 90.
54399     39.986900    116.290298     20.40   1710.00    237.100006      9.800000 90. 90.
54399     39.986900    116.290298     20.40   1830.00    236.500000     10.500000 90. 90.
54399     39.986900    116.290298     20.40   1950.00    239.300003      6.500000 90. 90.
54399     39.986900    116.290298     20.40   2070.00    246.000000      4.600000 90. 90.
54399     39.986900    116.290298     20.40   2190.00    231.600006      3.500000 90. 90.
54399     39.986900    116.290298     20.40   2310.00    212.600006      3.600000 90.  0.
54399     39.986900    116.290298     20.40   2430.00    219.600006      3.200000 90.  0.
54399     39.986900    116.290298     20.40   2550.00    218.399994      4.000000 90.  0.
54399     39.986900    116.290298     20.40   2790.00    314.200012      0.500000 90.  0.
54399     39.986900    116.290298     20.40   2910.00    236.100006      0.600000 90.  0.
54399     39.986900    116.290298     20.40   3030.00    264.399994      1.400000 90. 50.
54399     39.986900    116.290298     20.40   3150.00    297.500000      1.900000 90.  0.
54399     39.986900    116.290298     20.40   3270.00     20.299999      0.900000 90.  0.
54399     39.986900    116.290298     20.40   3510.00    199.100006      4.700000 90.  0.
54399     39.986900    116.290298     20.40   3630.00    129.199997      1.500000 90.  0.
54399     39.986900    116.290298     20.40   1400.00    203.899994      4.600000 90. 90.
54399     39.986900    116.290298     20.40   1520.00    216.399994      6.100000 90. 90.
54399     39.986900    116.290298     20.40   1640.00    253.699997      9.100000 90. 90.
54399     39.986900    116.290298     20.40   1760.00    238.399994      8.600000 90. 90.
54399     39.986900    116.290298     20.40   1880.00    236.399994      9.500000 90. 90.
54399     39.986900    116.290298     20.40   2000.00    242.100006      6.800000 90. 70.
54399     39.986900    116.290298     20.40   2120.00    253.800003      3.800000 90. 90.
54399     39.986900    116.290298     20.40   2240.00    230.199997      3.800000 90. 90.
54399     39.986900    116.290298     20.40   2360.00    217.500000      3.700000 90. 70.
54399     39.986900    116.290298     20.40   2480.00    231.000000      3.400000 90. 50.
54399     39.986900    116.290298     20.40   2600.00    234.500000      3.200000 90. 50.
54399     39.986900    116.290298     20.40   2720.00    226.399994      2.500000 90. 70.
54399     39.986900    116.290298     20.40   2840.00    231.699997      3.000000 90. 50.
54399     39.986900    116.290298     20.40   2960.00    231.000000      2.300000 70. 90.
54399     39.986900    116.290298     20.40   3080.00    261.600006      1.500000 90. 70.
54399     39.986900    116.290298     20.40   3200.00    277.600006      1.700000 90.  0.
54399     39.986900    116.290298     20.40   3800.00    308.700012      3.200000 90. 70.
54399     39.986900    116.290298     20.40   3920.00    311.200012      3.500000 90.  0.
54399     39.986900    116.290298     20.40   4040.00    302.700012      4.300000 90.  0.
54399     39.986900    116.290298     20.40   4160.00    304.700012      3.800000 90.  0.
54399     39.986900    116.290298     20.40   4280.00    292.899994      6.900000 90. 50.
54399     39.986900    116.290298     20.40   4400.00    295.700012      5.200000 90.  0.
54399     39.986900    116.290298     20.40   4520.00    291.000000      3.800000 90.  0.
54399     39.986900    116.290298     20.40   4640.00    296.299988      6.100000 90.  0.
54399     39.986900    116.290298     20.40   4760.00    296.799988      5.500000 90.  0.
54399     39.986900    116.290298     20.40   4880.00    292.299988      6.300000 90.  0.
