54406     40.450001    115.966698    488.00    150.00     50.099998      2.800000 90. 90.
54406     40.450001    115.966698    488.00    270.00     56.700001      2.200000 90. 90.
54406     40.450001    115.966698    488.00    390.00     52.400002      2.700000 90. 90.
54406     40.450001    115.966698    488.00    510.00     70.599998      3.500000 90. 90.
54406     40.450001    115.966698    488.00    630.00     88.699997      2.000000 90. 90.
54406     40.450001    115.966698    488.00    750.00    126.000000      0.800000 90. 90.
54406     40.450001    115.966698    488.00    870.00    174.100006      4.200000 90. 90.
54406     40.450001    115.966698    488.00    990.00    182.000000      1.700000 90. 90.
54406     40.450001    115.966698    488.00   1110.00    324.600006      1.100000 90. 90.
54406     40.450001    115.966698    488.00   1230.00    356.000000      1.900000 90. 90.
54406     40.450001    115.966698    488.00   1350.00    342.000000      2.900000 90. 90.
54406     40.450001    115.966698    488.00   1470.00    306.899994      3.400000 90. 90.
54406     40.450001    115.966698    488.00   1590.00    303.700012      2.400000 90. 90.
54406     40.450001    115.966698    488.00   1710.00    266.100006      1.300000 90. 90.
54406     40.450001    115.966698    488.00   1830.00    235.199997      1.700000 90. 90.
54406     40.450001    115.966698    488.00   1950.00    218.800003      2.100000 90. 90.
54406     40.450001    115.966698    488.00   2070.00    235.500000      2.200000 90. 90.
54406     40.450001    115.966698    488.00   2190.00    233.500000      2.500000 90. 90.
54406     40.450001    115.966698    488.00   2310.00    227.600006      2.400000 90. 90.
54406     40.450001    115.966698    488.00   2430.00    248.600006      2.000000 90. 90.
54406     40.450001    115.966698    488.00   2550.00    251.000000      2.000000 90. 90.
54406     40.450001    115.966698    488.00   2670.00    289.200012      2.400000 90. 90.
54406     40.450001    115.966698    488.00   2790.00    300.600006      2.200000 90. 90.
54406     40.450001    115.966698    488.00   2910.00    308.100006      2.300000 90. 90.
54406     40.450001    115.966698    488.00   3030.00    285.500000      1.900000 90. 90.
54406     40.450001    115.966698    488.00   3150.00    272.600006      1.900000 90. 90.
54406     40.450001    115.966698    488.00   1950.00    278.299988      1.600000 90. 90.
54406     40.450001    115.966698    488.00   2190.00    231.000000      2.200000 90. 90.
54406     40.450001    115.966698    488.00   2430.00    234.800003      2.400000 90. 90.
54406     40.450001    115.966698    488.00   2670.00    247.600006      2.200000 90. 90.
54406     40.450001    115.966698    488.00   2910.00    266.100006      2.200000 90. 90.
54406     40.450001    115.966698    488.00   3150.00    250.699997      2.300000 90. 90.
54406     40.450001    115.966698    488.00   3390.00    237.800003      2.400000 90. 90.
54406     40.450001    115.966698    488.00   3630.00    241.100006      3.400000 90. 90.
54406     40.450001    115.966698    488.00   3870.00    246.699997      4.700000 90. 90.
54406     40.450001    115.966698    488.00   4110.00    250.699997      5.900000 90. 90.
54406     40.450001    115.966698    488.00   4350.00    251.500000      5.800000 90. 90.
54406     40.450001    115.966698    488.00   4590.00    258.899994      5.500000 90. 90.
54406     40.450001    115.966698    488.00   4830.00    281.500000      6.000000 90. 90.
54406     40.450001    115.966698    488.00   5070.00    280.700012      7.300000 90. 90.
54406     40.450001    115.966698    488.00   5310.00    278.200012      8.200000 90. 90.
54406     40.450001    115.966698    488.00   5550.00    277.100006      9.000000 90. 90.
54406     40.450001    115.966698    488.00   5790.00    276.100006      9.500000 90. 90.
54406     40.450001    115.966698    488.00   6030.00    273.200012     10.000000 90. 90.
54406     40.450001    115.966698    488.00   6270.00    276.100006     11.100000 90. 90.
54406     40.450001    115.966698    488.00   6510.00    277.399994     12.000000 90. 90.
54406     40.450001    115.966698    488.00   6750.00    276.799988     11.400000 90. 90.
54406     40.450001    115.966698    488.00   6990.00    277.600006     11.700000 90. 90.
54406     40.450001    115.966698    488.00   7230.00    277.200012     12.600000 90. 90.
54406     40.450001    115.966698    488.00   7470.00    276.399994     12.800000 90. 90.
54406     40.450001    115.966698    488.00   7710.00    277.899994     12.700000 90. 90.
54406     40.450001    115.966698    488.00   7950.00    279.100006     13.700000 90. 90.
54406     40.450001    115.966698    488.00   8190.00    280.399994     14.900000 90. 90.
54406     40.450001    115.966698    488.00   8430.00    283.500000     16.200001 90. 90.
54406     40.450001    115.966698    488.00   8670.00    284.700012     16.700001 90. 90.
54406     40.450001    115.966698    488.00   8910.00    281.700012     18.500000 90. 90.
54406     40.450001    115.966698    488.00   9150.00    287.500000     18.799999 70. 90.
54406     40.450001    115.966698    488.00   9630.00    292.299988     19.900000 70. 90.
54406     40.450001    115.966698    488.00  10110.00    286.899994     30.500000 90. 90.
54406     40.450001    115.966698    488.00  10350.00    290.200012     34.400002 90. 70.
