54511     39.806900    116.470001     31.30    990.00    206.199997      6.200000 90. 90.
54511     39.806900    116.470001     31.30   1110.00    204.500000      6.100000 90. 90.
54511     39.806900    116.470001     31.30   1230.00    183.699997      4.900000 90. 90.
54511     39.806900    116.470001     31.30   1470.00    177.399994      5.600000 90. 90.
54511     39.806900    116.470001     31.30   1590.00    224.500000      7.700000 90. 90.
54511     39.806900    116.470001     31.30   1710.00    225.500000      7.500000 90. 90.
54511     39.806900    116.470001     31.30   1830.00    228.800003      9.200000 90. 90.
54511     39.806900    116.470001     31.30   1950.00    228.800003      9.500000 90. 70.
54511     39.806900    116.470001     31.30   2070.00    229.699997      7.800000 90. 90.
54511     39.806900    116.470001     31.30   2190.00    235.300003     11.300000 90. 50.
54511     39.806900    116.470001     31.30   2310.00    236.100006     10.600000 70. 50.
54511     39.806900    116.470001     31.30   2430.00    223.899994      8.900000 90. 90.
54511     39.806900    116.470001     31.30    990.00    188.100006      5.800000 90. 50.
54511     39.806900    116.470001     31.30   1110.00    183.399994      7.500000 90.  0.
54511     39.806900    116.470001     31.30   1230.00    205.699997      7.600000 90. 50.
54511     39.806900    116.470001     31.30   1350.00    206.600006      7.700000 90. 50.
54511     39.806900    116.470001     31.30   1470.00    212.899994      6.600000 90. 50.
54511     39.806900    116.470001     31.30   1590.00    220.300003      7.000000 90. 50.
54511     39.806900    116.470001     31.30   1710.00    224.100006      5.900000 90. 50.
54511     39.806900    116.470001     31.30   1830.00    231.699997      5.900000 90. 50.
54511     39.806900    116.470001     31.30   1950.00    222.800003      6.400000 90. 50.
54511     39.806900    116.470001     31.30   2070.00    230.100006      5.300000 90. 50.
54511     39.806900    116.470001     31.30   2190.00    228.300003      5.400000 90. 50.
54511     39.806900    116.470001     31.30   2310.00    231.199997      5.200000 90. 50.
54511     39.806900    116.470001     31.30   2430.00    228.199997      4.300000 90. 50.
54511     39.806900    116.470001     31.30   2550.00    216.100006      4.700000 90. 50.
54511     39.806900    116.470001     31.30   2670.00    216.600006      4.600000 90. 50.
54511     39.806900    116.470001     31.30   2790.00    230.000000      4.400000 90. 50.
54511     39.806900    116.470001     31.30   2910.00    226.300003      5.900000 90. 50.
54511     39.806900    116.470001     31.30   3030.00    222.699997      5.100000 70. 50.
54511     39.806900    116.470001     31.30   3150.00    218.300003      4.100000 70. 50.
54511     39.806900    116.470001     31.30   3270.00    270.500000      2.600000 70. 50.
54511     39.806900    116.470001     31.30   3630.00    263.600006      3.200000 90. 50.
54511     39.806900    116.470001     31.30   3990.00    295.000000      4.800000 90. 50.
54511     39.806900    116.470001     31.30   4110.00    298.399994      5.500000 90. 50.
54511     39.806900    116.470001     31.30   4230.00    289.500000      5.800000 70. 50.
