54525     39.733299    117.283302      5.10    120.00    132.500000      1.300000 90.  0.
54525     39.733299    117.283302      5.10    180.00    169.800003      1.600000 90. 90.
54525     39.733299    117.283302      5.10    240.00    173.800003      1.400000 90. 90.
54525     39.733299    117.283302      5.10    300.00    196.000000      1.900000 90. 90.
54525     39.733299    117.283302      5.10    360.00    205.100006      4.000000 90. 90.
54525     39.733299    117.283302      5.10    420.00    208.600006      5.100000 90. 90.
54525     39.733299    117.283302      5.10    480.00    211.399994      4.500000 90. 90.
54525     39.733299    117.283302      5.10    540.00    212.899994      4.900000 90. 90.
54525     39.733299    117.283302      5.10    600.00    212.600006      4.700000 90. 90.
54525     39.733299    117.283302      5.10    660.00    212.000000      5.100000 90. 90.
54525     39.733299    117.283302      5.10    720.00    214.699997      5.400000 90. 90.
54525     39.733299    117.283302      5.10    780.00    218.500000      5.400000 90. 90.
54525     39.733299    117.283302      5.10    840.00    221.300003      5.400000 90. 90.
54525     39.733299    117.283302      5.10    900.00    228.399994      5.900000 90. 90.
54525     39.733299    117.283302      5.10    960.00    229.500000      6.600000 90. 90.
54525     39.733299    117.283302      5.10   1020.00    223.100006      5.900000 90. 90.
54525     39.733299    117.283302      5.10   1080.00    221.199997      6.100000 90. 90.
54525     39.733299    117.283302      5.10   1140.00    220.899994      6.000000 90. 90.
54525     39.733299    117.283302      5.10   1200.00    220.800003      5.400000 90. 90.
54525     39.733299    117.283302      5.10    600.00    214.199997      4.300000 90. 90.
54525     39.733299    117.283302      5.10    720.00    214.600006      3.900000 90. 90.
54525     39.733299    117.283302      5.10    840.00    215.899994      5.000000 90. 90.
54525     39.733299    117.283302      5.10    960.00    223.500000      5.700000 90. 90.
54525     39.733299    117.283302      5.10   1080.00    225.000000      5.900000 90. 90.
54525     39.733299    117.283302      5.10   1200.00    225.000000      5.900000 90. 90.
54525     39.733299    117.283302      5.10   1320.00    225.399994      5.500000 90. 90.
54525     39.733299    117.283302      5.10   1440.00    223.699997      4.900000 90. 90.
54525     39.733299    117.283302      5.10   1560.00    228.000000      4.900000 90. 90.
54525     39.733299    117.283302      5.10   1680.00    235.899994      4.800000 90. 90.
54525     39.733299    117.283302      5.10   1800.00    240.699997      4.700000 90. 90.
54525     39.733299    117.283302      5.10   1920.00    237.500000      4.800000 90. 90.
54525     39.733299    117.283302      5.10   2040.00    238.399994      3.700000 90. 90.
54525     39.733299    117.283302      5.10   2160.00    233.899994      4.000000 90. 90.
54525     39.733299    117.283302      5.10   2280.00    223.600006      4.600000 90. 90.
54525     39.733299    117.283302      5.10   2400.00    220.899994      5.100000 90. 90.
54525     39.733299    117.283302      5.10   2520.00    222.699997      5.300000 90. 90.
54525     39.733299    117.283302      5.10   2640.00    238.100006      5.000000 90. 90.
54525     39.733299    117.283302      5.10   2760.00    252.899994      5.200000 90. 90.
54525     39.733299    117.283302      5.10   2880.00    267.399994      5.500000 90. 90.
54525     39.733299    117.283302      5.10   3000.00    275.200012      5.600000 90. 90.
54525     39.733299    117.283302      5.10   3120.00    294.799988      5.700000 90. 90.
54525     39.733299    117.283302      5.10   3240.00    305.000000      5.500000 90. 90.
54525     39.733299    117.283302      5.10   3360.00    315.500000      4.800000 90. 90.
54525     39.733299    117.283302      5.10   3480.00    319.299988      4.600000 90. 90.
54525     39.733299    117.283302      5.10   3600.00    314.500000      4.500000 90. 90.
54525     39.733299    117.283302      5.10   3720.00    312.500000      4.600000 90. 90.
54525     39.733299    117.283302      5.10   3840.00    311.899994      4.400000 90. 90.
54525     39.733299    117.283302      5.10   3960.00    308.799988      4.900000 90. 70.
54525     39.733299    117.283302      5.10   4080.00    305.700012      4.500000 90. 50.
54525     39.733299    117.283302      5.10   4200.00    306.000000      3.700000 90. 50.
54525     39.733299    117.283302      5.10   4320.00    296.500000      3.900000 90. 50.
54525     39.733299    117.283302      5.10   4440.00    291.600006      4.100000 90. 70.
54525     39.733299    117.283302      5.10   4560.00    295.100006      4.800000 90. 70.
54525     39.733299    117.283302      5.10   4680.00    289.700012      4.900000 90. 50.
54525     39.733299    117.283302      5.10   4800.00    292.399994      5.400000 90. 50.
54525     39.733299    117.283302      5.10   4920.00    291.500000      5.800000 90. 50.
54525     39.733299    117.283302      5.10   5040.00    286.100006      4.900000 90.  0.
54525     39.733299    117.283302      5.10   5160.00    277.700012      5.300000 90.  0.
