54727     36.683300    117.550003    121.80    100.00    219.500000      3.100000 90. 70.
54727     36.683300    117.550003    121.80    160.00    232.100006      4.000000 90. 70.
54727     36.683300    117.550003    121.80    220.00    220.699997      3.800000 90. 70.
54727     36.683300    117.550003    121.80    280.00    224.100006      3.400000 90. 90.
54727     36.683300    117.550003    121.80    340.00    211.800003      3.300000 90. 90.
54727     36.683300    117.550003    121.80    400.00    229.500000      2.900000 90. 90.
54727     36.683300    117.550003    121.80    460.00    236.000000      3.500000 90. 90.
54727     36.683300    117.550003    121.80    520.00    238.500000      4.000000 90. 90.
54727     36.683300    117.550003    121.80    580.00    240.500000      3.900000 90. 90.
54727     36.683300    117.550003    121.80    640.00    243.800003      3.500000 90. 90.
54727     36.683300    117.550003    121.80    700.00    243.000000      3.400000 90. 90.
54727     36.683300    117.550003    121.80    760.00    240.500000      3.400000 90. 90.
54727     36.683300    117.550003    121.80    820.00    220.399994      2.700000 90. 90.
54727     36.683300    117.550003    121.80    880.00    196.199997      2.800000 90. 90.
54727     36.683300    117.550003    121.80    940.00    175.500000      2.200000 90. 70.
54727     36.683300    117.550003    121.80   1000.00    148.199997      1.900000 90. 70.
54727     36.683300    117.550003    121.80   1060.00    101.900002      1.500000 90. 70.
54727     36.683300    117.550003    121.80   1120.00     65.000000      2.400000 90. 70.
54727     36.683300    117.550003    121.80   1180.00     60.500000      2.700000 90. 50.
54727     36.683300    117.550003    121.80   1240.00     66.199997      3.500000 90. 50.
54727     36.683300    117.550003    121.80   1300.00     72.400002      4.800000 70. 70.
54727     36.683300    117.550003    121.80   1360.00     72.199997      4.300000 90. 90.
54727     36.683300    117.550003    121.80   1420.00     75.400002      4.600000 90. 90.
54727     36.683300    117.550003    121.80   1480.00     80.300003      4.900000 90. 90.
54727     36.683300    117.550003    121.80   1540.00     88.800003      5.300000 90. 90.
54727     36.683300    117.550003    121.80   1600.00     97.199997      6.200000 90. 90.
54727     36.683300    117.550003    121.80   1660.00    101.000000      6.800000 90. 90.
54727     36.683300    117.550003    121.80   1720.00    103.900002      7.100000 90. 90.
54727     36.683300    117.550003    121.80   1780.00     98.500000      6.700000 90. 90.
54727     36.683300    117.550003    121.80   1840.00     92.800003      6.500000 90. 90.
54727     36.683300    117.550003    121.80   1900.00     88.300003      6.400000 90. 50.
54727     36.683300    117.550003    121.80   1960.00     85.500000      6.100000 90. 50.
54727     36.683300    117.550003    121.80   2260.00    104.900002      4.500000 50. 50.
54727     36.683300    117.550003    121.80   2320.00    108.699997      4.300000 90.  0.
54727     36.683300    117.550003    121.80    100.00    179.199997      2.500000 90. 90.
54727     36.683300    117.550003    121.80    220.00    190.800003      2.900000 90. 90.
54727     36.683300    117.550003    121.80    340.00    199.300003      3.500000 90. 90.
54727     36.683300    117.550003    121.80    460.00    207.199997      3.300000 90. 90.
54727     36.683300    117.550003    121.80    580.00    211.600006      3.700000 90. 90.
54727     36.683300    117.550003    121.80    700.00    213.199997      4.200000 90. 90.
54727     36.683300    117.550003    121.80    820.00    203.600006      3.700000 90. 90.
54727     36.683300    117.550003    121.80    940.00    187.800003      2.700000 90. 90.
54727     36.683300    117.550003    121.80   1060.00    134.100006      2.400000 90. 90.
54727     36.683300    117.550003    121.80   1180.00     95.599998      3.400000 90. 90.
54727     36.683300    117.550003    121.80   1300.00     84.699997      4.400000 90. 90.
54727     36.683300    117.550003    121.80   1420.00     88.800003      5.100000 90. 90.
54727     36.683300    117.550003    121.80   1540.00     91.199997      5.800000 90. 90.
54727     36.683300    117.550003    121.80   1660.00     90.500000      6.200000 90. 90.
54727     36.683300    117.550003    121.80   1780.00     94.300003      6.600000 90. 90.
54727     36.683300    117.550003    121.80   1900.00     96.900002      6.900000 90. 90.
54727     36.683300    117.550003    121.80   2020.00     95.699997      6.300000 90. 90.
54727     36.683300    117.550003    121.80   2140.00     95.800003      5.600000 90. 90.
54727     36.683300    117.550003    121.80   2260.00     98.800003      4.900000 90. 90.
54727     36.683300    117.550003    121.80   2380.00    100.699997      4.200000 90. 90.
54727     36.683300    117.550003    121.80   2500.00     99.500000      3.700000 90. 90.
54727     36.683300    117.550003    121.80   2620.00    103.400002      3.100000 90. 50.
54727     36.683300    117.550003    121.80   2740.00    104.400002      2.300000 70. 50.
54727     36.683300    117.550003    121.80   3340.00    101.400002      2.300000 50. 70.
54727     36.683300    117.550003    121.80   3460.00    118.300003      2.000000 50. 90.
54727     36.683300    117.550003    121.80   3580.00    173.000000      1.700000 90. 90.
54727     36.683300    117.550003    121.80   3700.00    198.300003      2.300000 90. 70.
54727     36.683300    117.550003    121.80   3820.00    211.800003      2.900000 90. 50.
54727     36.683300    117.550003    121.80   3940.00    229.699997      3.700000 90. 90.
54727     36.683300    117.550003    121.80   4060.00    233.600006      4.200000 90.  0.
54727     36.683300    117.550003    121.80   4660.00    294.899994      7.100000 90. 90.
54727     36.683300    117.550003    121.80   4780.00    296.600006      8.600000 90. 90.
54727     36.683300    117.550003    121.80   4900.00    295.700012      8.600000 90. 50.
54727     36.683300    117.550003    121.80   5020.00    296.200012      9.200000 90.  0.
54727     36.683300    117.550003    121.80    100.00    241.600006      2.200000 90. 70.
54727     36.683300    117.550003    121.80    340.00    239.000000      2.700000 90. 70.
54727     36.683300    117.550003    121.80    580.00    228.600006      2.800000 90. 90.
54727     36.683300    117.550003    121.80    820.00    229.899994      3.400000 90. 90.
54727     36.683300    117.550003    121.80   1060.00    219.500000      2.300000 90. 90.
54727     36.683300    117.550003    121.80   1300.00    142.300003      2.100000 90. 90.
54727     36.683300    117.550003    121.80   1540.00    102.599998      4.100000 90. 90.
54727     36.683300    117.550003    121.80   1780.00    100.000000      5.700000 90. 90.
54727     36.683300    117.550003    121.80   2020.00     99.900002      5.700000 90. 90.
54727     36.683300    117.550003    121.80   2260.00    103.099998      5.500000 90. 90.
54727     36.683300    117.550003    121.80   2500.00    100.699997      4.400000 90. 90.
54727     36.683300    117.550003    121.80   2740.00     97.099998      3.400000 90. 90.
54727     36.683300    117.550003    121.80   2980.00     84.300003      2.600000 90. 50.
54727     36.683300    117.550003    121.80   3220.00     84.000000      2.000000 90.  0.
54727     36.683300    117.550003    121.80   3460.00     91.300003      1.700000 90. 50.
54727     36.683300    117.550003    121.80   3700.00    175.399994      1.300000 90. 90.
54727     36.683300    117.550003    121.80   3940.00    206.399994      1.900000 90. 90.
54727     36.683300    117.550003    121.80   4180.00    232.600006      3.400000 90. 70.
54727     36.683300    117.550003    121.80   4900.00    293.700012      8.400000 90. 90.
54727     36.683300    117.550003    121.80   5140.00    294.700012      8.600000 90.  0.
