54736     37.439999    118.666100      5.00    100.00    290.799988      4.800000 90. 90.
54736     37.439999    118.666100      5.00    160.00    288.399994      4.700000 90. 90.
54736     37.439999    118.666100      5.00    220.00    285.200012      4.800000 90. 90.
54736     37.439999    118.666100      5.00    280.00    284.399994      4.300000 90. 90.
54736     37.439999    118.666100      5.00    340.00    279.700012      4.200000 90. 70.
54736     37.439999    118.666100      5.00    400.00    269.100006      3.500000 90. 50.
54736     37.439999    118.666100      5.00    460.00    261.200012      2.400000 90. 70.
54736     37.439999    118.666100      5.00    520.00    259.200012      1.900000 90. 70.
54736     37.439999    118.666100      5.00    580.00    253.000000      1.700000 90. 70.
54736     37.439999    118.666100      5.00    640.00    200.000000      0.800000 90. 50.
54736     37.439999    118.666100      5.00    820.00     28.900000      0.200000 70. 50.
54736     37.439999    118.666100      5.00    880.00     28.100000      0.600000 70. 50.
54736     37.439999    118.666100      5.00    100.00    348.000000      0.100000 90. 90.
54736     37.439999    118.666100      5.00    220.00    327.500000      0.500000 90. 90.
54736     37.439999    118.666100      5.00    340.00    294.899994      0.500000 90. 90.
54736     37.439999    118.666100      5.00    460.00    289.000000      0.700000 90. 90.
54736     37.439999    118.666100      5.00    580.00    284.000000      0.600000 90. 90.
54736     37.439999    118.666100      5.00    700.00    275.700012      0.400000 90. 90.
54736     37.439999    118.666100      5.00    820.00     71.599998      0.200000 90. 90.
54736     37.439999    118.666100      5.00    940.00     89.000000      1.000000 90. 90.
54736     37.439999    118.666100      5.00   1060.00     86.599998      2.100000 90. 90.
54736     37.439999    118.666100      5.00   1180.00     81.699997      3.000000 90. 90.
54736     37.439999    118.666100      5.00   1300.00     82.800003      3.800000 90. 90.
54736     37.439999    118.666100      5.00   1420.00     81.500000      4.200000 90. 90.
54736     37.439999    118.666100      5.00   1540.00     80.300003      4.500000 90. 90.
54736     37.439999    118.666100      5.00   1660.00     85.900002      5.100000 90. 70.
54736     37.439999    118.666100      5.00   1780.00     82.900002      5.300000 90. 70.
54736     37.439999    118.666100      5.00   1900.00     75.300003      5.400000 90. 90.
54736     37.439999    118.666100      5.00   2020.00     73.900002      5.700000 90. 70.
54736     37.439999    118.666100      5.00   2140.00     71.199997      5.700000 90. 50.
54736     37.439999    118.666100      5.00   2380.00     65.900002      5.200000 70. 50.
54736     37.439999    118.666100      5.00    100.00    292.500000      0.600000 90. 90.
54736     37.439999    118.666100      5.00    340.00    288.399994      0.400000 90. 90.
54736     37.439999    118.666100      5.00    580.00    287.500000      0.300000 90. 90.
54736     37.439999    118.666100      5.00    820.00    281.399994      0.400000 90. 90.
54736     37.439999    118.666100      5.00   1060.00     73.900002      0.800000 90. 90.
54736     37.439999    118.666100      5.00   1300.00     71.500000      2.200000 90. 90.
54736     37.439999    118.666100      5.00   1540.00     76.599998      3.900000 90. 90.
54736     37.439999    118.666100      5.00   1780.00     74.599998      4.500000 90. 90.
54736     37.439999    118.666100      5.00   2020.00     69.800003      4.800000 90. 90.
54736     37.439999    118.666100      5.00   2260.00     66.099998      4.700000 90. 90.
54736     37.439999    118.666100      5.00   2500.00     66.300003      4.800000 90. 90.
54736     37.439999    118.666100      5.00   2740.00     60.299999      4.300000 90.  0.
