54752     37.792198    120.759399     60.70    100.00    171.300003      1.900000 90. 70.
54752     37.792198    120.759399     60.70    160.00    167.199997      1.900000 90. 90.
54752     37.792198    120.759399     60.70    220.00    194.000000      2.500000 90. 90.
54752     37.792198    120.759399     60.70    280.00    195.300003      2.000000 90. 90.
54752     37.792198    120.759399     60.70    340.00    217.699997      1.500000 90. 90.
54752     37.792198    120.759399     60.70    400.00    225.500000      1.200000 90. 90.
54752     37.792198    120.759399     60.70    460.00    235.600006      0.500000 90. 90.
54752     37.792198    120.759399     60.70    520.00    215.800003      1.000000 90. 90.
54752     37.792198    120.759399     60.70    580.00    294.299988      0.500000 90. 90.
54752     37.792198    120.759399     60.70    640.00    341.799988      1.000000 90. 90.
54752     37.792198    120.759399     60.70    700.00    317.000000      0.700000 90. 90.
54752     37.792198    120.759399     60.70    760.00    289.899994      0.500000 90. 90.
54752     37.792198    120.759399     60.70    820.00    307.700012      0.200000 90. 90.
54752     37.792198    120.759399     60.70    880.00    105.900002      0.500000 90. 90.
54752     37.792198    120.759399     60.70    940.00    115.900002      1.000000 90. 90.
54752     37.792198    120.759399     60.70   1000.00     95.599998      1.600000 90. 90.
54752     37.792198    120.759399     60.70   1060.00    107.000000      2.400000 90. 90.
54752     37.792198    120.759399     60.70   1120.00    123.199997      2.000000 90. 50.
54752     37.792198    120.759399     60.70   1180.00    123.500000      1.900000 90. 90.
54752     37.792198    120.759399     60.70   1240.00    142.699997      0.300000 90. 90.
54752     37.792198    120.759399     60.70    100.00    160.899994      1.100000 90. 70.
54752     37.792198    120.759399     60.70    220.00    162.600006      1.400000 90. 70.
54752     37.792198    120.759399     60.70    340.00    176.699997      1.700000 90. 70.
54752     37.792198    120.759399     60.70    460.00    170.399994      1.800000 90. 70.
54752     37.792198    120.759399     60.70    580.00    210.000000      1.000000 90. 70.
54752     37.792198    120.759399     60.70    700.00    198.100006      1.500000 90. 90.
54752     37.792198    120.759399     60.70    820.00    174.500000      1.300000 90. 90.
54752     37.792198    120.759399     60.70    940.00    161.300003      2.200000 90. 90.
54752     37.792198    120.759399     60.70   1060.00    146.500000      2.200000 90. 90.
54752     37.792198    120.759399     60.70   1180.00    122.599998      2.500000 90. 90.
54752     37.792198    120.759399     60.70   1300.00    101.900002      3.200000 90. 90.
54752     37.792198    120.759399     60.70   1420.00     74.800003      3.400000 90. 90.
54752     37.792198    120.759399     60.70   1540.00     64.099998      4.100000 90. 90.
54752     37.792198    120.759399     60.70   1660.00     57.000000      4.600000 90. 90.
54752     37.792198    120.759399     60.70   1780.00     53.500000      5.100000 90. 90.
54752     37.792198    120.759399     60.70   1900.00     47.099998      5.600000 90. 90.
54752     37.792198    120.759399     60.70   2020.00     36.400002      6.100000 90. 70.
54752     37.792198    120.759399     60.70   2140.00     29.900000      7.600000 90. 90.
54752     37.792198    120.759399     60.70   2260.00     31.700001      7.900000 90. 90.
54752     37.792198    120.759399     60.70   2380.00     31.900000      7.800000 90. 90.
54752     37.792198    120.759399     60.70   2500.00     32.299999      7.400000 90. 90.
54752     37.792198    120.759399     60.70   2620.00     35.299999      6.800000 90. 70.
54752     37.792198    120.759399     60.70   2740.00     37.200001      5.800000 90. 70.
54752     37.792198    120.759399     60.70   2860.00     42.200001      4.300000 90. 50.
54752     37.792198    120.759399     60.70   2980.00     33.299999      5.200000 70. 50.
54752     37.792198    120.759399     60.70    340.00    194.000000      2.700000 90. 70.
54752     37.792198    120.759399     60.70    580.00    199.500000      2.900000 90. 70.
54752     37.792198    120.759399     60.70    820.00    205.600006      3.000000 90. 70.
54752     37.792198    120.759399     60.70   1060.00    192.699997      2.300000 90. 70.
54752     37.792198    120.759399     60.70   1300.00    110.800003      2.200000 90. 70.
54752     37.792198    120.759399     60.70   1540.00     80.599998      2.600000 90. 90.
54752     37.792198    120.759399     60.70   1780.00     58.000000      4.200000 90. 90.
54752     37.792198    120.759399     60.70   2020.00     40.799999      5.900000 90. 90.
54752     37.792198    120.759399     60.70   2260.00     37.200001      6.400000 90. 90.
54752     37.792198    120.759399     60.70   2500.00     33.700001      6.300000 90. 90.
54752     37.792198    120.759399     60.70   2740.00     25.900000      6.600000 90. 90.
54752     37.792198    120.759399     60.70   2980.00     25.799999      5.500000 90. 90.
54752     37.792198    120.759399     60.70   3220.00     18.900000      4.800000 90. 50.
54752     37.792198    120.759399     60.70   3700.00     16.700001      4.800000 50. 50.
54752     37.792198    120.759399     60.70   3940.00    349.399994      3.900000 70. 50.
