54843     36.745800    119.204201     22.20    150.00    207.100006      0.300000 90. 90.
54843     36.745800    119.204201     22.20    270.00    358.700012      1.700000 90. 90.
54843     36.745800    119.204201     22.20    390.00     15.600000      2.300000 90. 90.
54843     36.745800    119.204201     22.20    510.00     25.900000      3.200000 90. 90.
54843     36.745800    119.204201     22.20    630.00     32.099998      3.600000 90. 90.
54843     36.745800    119.204201     22.20    750.00     40.400002      3.500000 90. 90.
54843     36.745800    119.204201     22.20    870.00     43.700001      3.000000 90. 90.
54843     36.745800    119.204201     22.20    990.00     51.799999      2.700000 90. 90.
54843     36.745800    119.204201     22.20   1110.00     54.000000      2.500000 90. 90.
54843     36.745800    119.204201     22.20   1230.00     55.200001      2.900000 90. 90.
54843     36.745800    119.204201     22.20   1350.00     57.599998      3.600000 90. 90.
54843     36.745800    119.204201     22.20   1470.00     58.099998      4.400000 90. 90.
54843     36.745800    119.204201     22.20   1590.00     57.900002      5.100000 90. 90.
54843     36.745800    119.204201     22.20   1710.00     57.500000      5.700000 90. 90.
54843     36.745800    119.204201     22.20   1830.00     58.500000      6.400000 90. 90.
54843     36.745800    119.204201     22.20   1950.00     60.599998      6.900000 90. 90.
54843     36.745800    119.204201     22.20   2070.00     62.200001      7.400000 90. 90.
54843     36.745800    119.204201     22.20   2190.00     62.000000      7.600000 90. 90.
54843     36.745800    119.204201     22.20   2310.00     62.200001      7.700000 90. 90.
54843     36.745800    119.204201     22.20   2430.00     62.700001      7.500000 90. 90.
54843     36.745800    119.204201     22.20   2550.00     65.800003      6.900000 90. 90.
54843     36.745800    119.204201     22.20   2670.00     66.199997      6.100000 90. 90.
54843     36.745800    119.204201     22.20   2790.00     66.900002      5.500000 90. 90.
54843     36.745800    119.204201     22.20   2910.00     63.799999      5.000000 90. 90.
54843     36.745800    119.204201     22.20    150.00    350.100006      0.600000 90. 90.
54843     36.745800    119.204201     22.20    390.00     40.500000      1.200000 90. 90.
54843     36.745800    119.204201     22.20    630.00     51.799999      2.200000 90. 90.
54843     36.745800    119.204201     22.20    870.00     53.299999      3.000000 90. 90.
54843     36.745800    119.204201     22.20   1110.00     55.700001      3.800000 90. 90.
54843     36.745800    119.204201     22.20   1350.00     60.500000      4.400000 90. 90.
54843     36.745800    119.204201     22.20   1590.00     60.200001      5.600000 90. 90.
54843     36.745800    119.204201     22.20   1830.00     60.299999      6.700000 90. 90.
54843     36.745800    119.204201     22.20   2070.00     62.099998      7.100000 90. 90.
54843     36.745800    119.204201     22.20   2310.00     63.400002      6.900000 90. 90.
54843     36.745800    119.204201     22.20   2550.00     62.900002      6.200000 90. 90.
54843     36.745800    119.204201     22.20   2790.00     61.500000      4.900000 90. 90.
54843     36.745800    119.204201     22.20   3030.00     61.099998      3.700000 90. 90.
54843     36.745800    119.204201     22.20   3270.00     59.500000      3.200000 90. 90.
54843     36.745800    119.204201     22.20   3510.00     45.900002      1.700000 90. 90.
54843     36.745800    119.204201     22.20   3750.00    344.500000      0.800000 90. 90.
54843     36.745800    119.204201     22.20   3990.00    283.399994      0.900000 90. 90.
54843     36.745800    119.204201     22.20   4230.00    270.000000      2.200000 90. 90.
54843     36.745800    119.204201     22.20    150.00     43.700001      1.700000 90. 90.
54843     36.745800    119.204201     22.20    390.00     39.700001      2.100000 90. 90.
54843     36.745800    119.204201     22.20    630.00     36.200001      2.400000 90. 90.
54843     36.745800    119.204201     22.20    870.00     35.500000      2.800000 90. 50.
54843     36.745800    119.204201     22.20   1110.00     48.700001      3.600000 90. 90.
54843     36.745800    119.204201     22.20   1350.00     53.799999      4.600000 90. 90.
54843     36.745800    119.204201     22.20   1590.00     60.099998      5.900000 90. 90.
54843     36.745800    119.204201     22.20   1830.00     61.299999      6.800000 90. 90.
54843     36.745800    119.204201     22.20   2070.00     63.400002      7.100000 90. 90.
54843     36.745800    119.204201     22.20   2310.00     64.599998      6.700000 90. 90.
54843     36.745800    119.204201     22.20   2550.00     65.900002      6.000000 90. 90.
54843     36.745800    119.204201     22.20   2790.00     65.900002      4.700000 90. 90.
54843     36.745800    119.204201     22.20   3030.00     62.099998      3.700000 90. 90.
54843     36.745800    119.204201     22.20   3270.00     58.000000      2.700000 90. 90.
54843     36.745800    119.204201     22.20   3510.00     40.400002      1.400000 90. 90.
54843     36.745800    119.204201     22.20   3750.00    315.899994      0.800000 90. 90.
54843     36.745800    119.204201     22.20   3990.00    276.100006      1.700000 90. 90.
54843     36.745800    119.204201     22.20   4230.00    272.000000      2.100000 90. 90.
54843     36.745800    119.204201     22.20   4470.00    275.200012      2.200000 90. 90.
54843     36.745800    119.204201     22.20   4710.00    296.299988      2.100000 90. 90.
54843     36.745800    119.204201     22.20   4950.00    316.899994      2.500000 90. 90.
54843     36.745800    119.204201     22.20   5190.00    323.399994      3.000000 90. 90.
54843     36.745800    119.204201     22.20   5430.00    325.500000      3.600000 90. 90.
54843     36.745800    119.204201     22.20  17190.00    180.000000      0.000000 90. 50.
54843     36.745800    119.204201     22.20  17430.00      0.000000      0.000000 90. 90.
54843     36.745800    119.204201     22.20  17670.00    270.000000      0.000000 70. 90.
54843     36.745800    119.204201     22.20  17910.00    270.000000      0.000000 90. 90.
54843     36.745800    119.204201     22.20  18150.00    270.000000      0.000000 90. 90.
54843     36.745800    119.204201     22.20  18390.00    270.000000      0.000000 90. 90.
54843     36.745800    119.204201     22.20  18630.00    270.000000      0.000000 90. 90.
54843     36.745800    119.204201     22.20  18870.00    270.000000      0.000000 90. 90.
54843     36.745800    119.204201     22.20  19110.00    270.000000      0.000000 90. 90.
