54857     36.333302    120.233299     12.00    360.00    140.899994      1.600000 90.  0.
54857     36.333302    120.233299     12.00    480.00    146.100006      2.000000 90.  0.
54857     36.333302    120.233299     12.00    600.00    150.500000      1.400000 90.  0.
54857     36.333302    120.233299     12.00    840.00      5.600000      2.000000 90. 50.
54857     36.333302    120.233299     12.00    960.00    347.299988      2.000000 90.  0.
54857     36.333302    120.233299     12.00   1080.00    320.700012      2.600000 90. 90.
54857     36.333302    120.233299     12.00   1200.00    294.100006      3.300000 90. 90.
54857     36.333302    120.233299     12.00   1320.00    283.600006      3.700000 90. 90.
54857     36.333302    120.233299     12.00   1440.00    280.700012      3.900000 90. 90.
54857     36.333302    120.233299     12.00   1560.00    290.200012      4.200000 90. 90.
54857     36.333302    120.233299     12.00   1680.00    294.700012      3.900000 90. 90.
54857     36.333302    120.233299     12.00   1800.00    301.000000      3.800000 90. 90.
54857     36.333302    120.233299     12.00   1920.00    302.000000      3.800000 90. 70.
54857     36.333302    120.233299     12.00   2040.00    298.799988      4.200000 90.  0.
54857     36.333302    120.233299     12.00   2160.00    294.299988      4.500000 90.  0.
54857     36.333302    120.233299     12.00   2280.00    293.899994      4.700000 90.  0.
54857     36.333302    120.233299     12.00   2400.00    295.600006      4.700000 90. 50.
54857     36.333302    120.233299     12.00    960.00    299.700012      1.000000 90. 50.
54857     36.333302    120.233299     12.00   1440.00    270.700012      1.500000 70. 50.
54857     36.333302    120.233299     12.00   1680.00    297.700012      3.300000 90. 50.
54857     36.333302    120.233299     12.00   1920.00    296.500000      3.700000 90. 50.
54857     36.333302    120.233299     12.00   2160.00    293.700012      4.000000 90.  0.
54857     36.333302    120.233299     12.00   2400.00    288.799988      4.500000 90. 70.
54857     36.333302    120.233299     12.00   2640.00    285.500000      5.000000 90. 90.
54857     36.333302    120.233299     12.00   2880.00    282.399994      5.400000 90. 90.
54857     36.333302    120.233299     12.00   3120.00    280.799988      5.900000 90. 90.
54857     36.333302    120.233299     12.00   3360.00    274.899994      5.600000 90. 90.
54857     36.333302    120.233299     12.00   3600.00    270.000000      4.900000 90. 70.
54857     36.333302    120.233299     12.00   3840.00    255.399994      3.700000 90. 50.
54857     36.333302    120.233299     12.00   4080.00    236.000000      3.000000 90. 50.
54857     36.333302    120.233299     12.00   4320.00    217.600006      3.600000 90. 90.
54857     36.333302    120.233299     12.00   4560.00    210.300003      4.900000 90. 70.
54857     36.333302    120.233299     12.00   4800.00    210.000000      7.000000 90. 70.
54857     36.333302    120.233299     12.00   5040.00    212.800003      9.100000 90. 90.
54857     36.333302    120.233299     12.00   5280.00    216.199997     11.000000 90. 70.
54857     36.333302    120.233299     12.00   5520.00    217.300003     12.300000 90. 70.
54857     36.333302    120.233299     12.00   5760.00    216.800003     13.400000 90. 50.
54857     36.333302    120.233299     12.00   6000.00    240.100006      7.400000 90.  0.
54857     36.333302    120.233299     12.00   6240.00    226.000000      4.500000 90.  0.
54857     36.333302    120.233299     12.00   6480.00    212.300003      7.100000 90. 50.
54857     36.333302    120.233299     12.00  11760.00    123.199997     15.700000 90. 50.
54857     36.333302    120.233299     12.00  14640.00      7.600000     11.800000 90.  0.
