56462     29.000000    101.500000   2925.00    150.00    355.000000      1.700000 90. 90.
56462     29.000000    101.500000   2925.00    270.00    339.500000      1.800000 90. 90.
56462     29.000000    101.500000   2925.00    390.00    352.200012      2.000000 90. 90.
56462     29.000000    101.500000   2925.00    510.00    358.500000      1.900000 90. 90.
56462     29.000000    101.500000   2925.00    630.00    358.399994      2.100000 90. 90.
56462     29.000000    101.500000   2925.00    750.00     11.600000      1.600000 90. 90.
56462     29.000000    101.500000   2925.00    870.00    114.400002      0.500000 90. 90.
56462     29.000000    101.500000   2925.00    990.00    120.099998      2.000000 90. 90.
56462     29.000000    101.500000   2925.00   1110.00    148.500000      1.500000 90. 90.
56462     29.000000    101.500000   2925.00   1230.00    115.099998      1.100000 90. 70.
56462     29.000000    101.500000   2925.00   1350.00    134.500000      0.300000 90. 90.
56462     29.000000    101.500000   2925.00   1470.00    312.600006      1.200000 90. 90.
56462     29.000000    101.500000   2925.00   1590.00    295.799988      2.600000 90. 90.
56462     29.000000    101.500000   2925.00   1710.00    297.899994      4.100000 90. 90.
56462     29.000000    101.500000   2925.00   1830.00    291.000000      5.700000 90. 90.
56462     29.000000    101.500000   2925.00   1950.00    289.399994      8.200000 90. 90.
56462     29.000000    101.500000   2925.00   2070.00    287.899994      9.100000 90. 90.
56462     29.000000    101.500000   2925.00   2190.00    288.899994     10.500000 90. 90.
56462     29.000000    101.500000   2925.00   2310.00    289.500000     11.600000 90. 90.
56462     29.000000    101.500000   2925.00   2430.00    288.299988     13.100000 90. 90.
56462     29.000000    101.500000   2925.00   2550.00    285.600006     15.400000 90. 90.
56462     29.000000    101.500000   2925.00   2670.00    288.899994     17.000000 90. 50.
56462     29.000000    101.500000   2925.00   2790.00    288.500000     18.900000 90. 70.
56462     29.000000    101.500000   2925.00   2910.00    287.000000     20.799999 90. 50.
56462     29.000000    101.500000   2925.00   3030.00    287.600006     20.500000 90. 50.
56462     29.000000    101.500000   2925.00   3150.00    287.700012     17.500000 90. 50.
56462     29.000000    101.500000   2925.00   3270.00    292.200012     19.100000 90.  0.
56462     29.000000    101.500000   2925.00   3750.00    275.299988     12.400000 90. 50.
56462     29.000000    101.500000   2925.00   3870.00    269.399994     11.400000 90.  0.
56462     29.000000    101.500000   2925.00   3990.00    265.299988     11.400000 70. 50.
56462     29.000000    101.500000   2925.00   1950.00    290.600006      7.300000 90. 90.
56462     29.000000    101.500000   2925.00   2190.00    287.600006     10.100000 90. 90.
56462     29.000000    101.500000   2925.00   2430.00    288.200012     12.900000 90. 90.
56462     29.000000    101.500000   2925.00   2670.00    288.799988     16.600000 90. 90.
56462     29.000000    101.500000   2925.00   2910.00    289.200012     19.900000 90. 90.
56462     29.000000    101.500000   2925.00   3150.00    287.899994     17.799999 90. 90.
56462     29.000000    101.500000   2925.00   3390.00    287.399994     17.100000 90. 90.
56462     29.000000    101.500000   2925.00   3630.00    282.700012     14.600000 90. 90.
56462     29.000000    101.500000   2925.00   3870.00    275.299988     11.800000 90. 90.
56462     29.000000    101.500000   2925.00   4110.00    271.600006     10.000000 90. 70.
56462     29.000000    101.500000   2925.00   4350.00    272.899994      9.700000 90. 50.
56462     29.000000    101.500000   2925.00   4590.00    273.399994     10.400000 90.  0.
56462     29.000000    101.500000   2925.00   4830.00    269.399994     10.800000 90.  0.
56462     29.000000    101.500000   2925.00   5070.00    266.299988     10.900000 90. 50.
56462     29.000000    101.500000   2925.00   5310.00    255.800003     11.500000 90. 50.
56462     29.000000    101.500000   2925.00   5550.00    250.199997     12.000000 90.  0.
56462     29.000000    101.500000   2925.00   5790.00    258.700012     10.100000 90.  0.
