57039     34.083302    108.883301    445.80    100.00    112.900002      0.500000 90. 90.
57039     34.083302    108.883301    445.80    160.00    131.600006      0.400000 90. 90.
57039     34.083302    108.883301    445.80    220.00    135.000000      0.500000 90. 90.
57039     34.083302    108.883301    445.80    280.00    128.399994      0.400000 90. 50.
57039     34.083302    108.883301    445.80    340.00    128.100006      0.400000 90. 50.
57039     34.083302    108.883301    445.80    400.00     50.799999      0.300000 90. 50.
57039     34.083302    108.883301    445.80    460.00     55.500000      0.400000 90. 50.
57039     34.083302    108.883301    445.80    580.00     87.400002      0.400000 90. 50.
57039     34.083302    108.883301    445.80    640.00     41.299999      0.700000 90. 70.
57039     34.083302    108.883301    445.80    700.00     72.099998      0.600000 90. 90.
57039     34.083302    108.883301    445.80    760.00     92.500000      0.600000 90. 90.
57039     34.083302    108.883301    445.80    940.00    170.399994      1.400000 70. 90.
57039     34.083302    108.883301    445.80   1000.00    174.800003      2.700000 70. 90.
57039     34.083302    108.883301    445.80    100.00     33.799999      0.400000 90. 70.
57039     34.083302    108.883301    445.80    220.00    167.899994      0.700000 90. 90.
57039     34.083302    108.883301    445.80    340.00    143.500000      0.500000 90. 90.
57039     34.083302    108.883301    445.80    460.00     98.599998      0.600000 90. 70.
57039     34.083302    108.883301    445.80    580.00     32.700001      1.100000 90. 50.
57039     34.083302    108.883301    445.80    700.00     44.799999      1.100000 90. 50.
57039     34.083302    108.883301    445.80    820.00    140.100006      1.500000 90.  0.
57039     34.083302    108.883301    445.80    940.00    102.300003      0.900000 90. 50.
57039     34.083302    108.883301    445.80   1060.00    153.199997      1.000000 90. 90.
57039     34.083302    108.883301    445.80   1180.00    112.900002      0.400000 90. 90.
57039     34.083302    108.883301    445.80   1300.00     41.099998      0.800000 90. 70.
57039     34.083302    108.883301    445.80   1420.00     23.299999      1.300000 90. 70.
57039     34.083302    108.883301    445.80   1540.00     63.000000      1.600000 90. 50.
57039     34.083302    108.883301    445.80    100.00     40.200001      0.200000 90. 90.
57039     34.083302    108.883301    445.80    340.00    264.100006      0.400000 90. 90.
57039     34.083302    108.883301    445.80    580.00    227.000000      0.700000 90. 90.
57039     34.083302    108.883301    445.80    820.00    191.100006      0.400000 90. 90.
57039     34.083302    108.883301    445.80   1060.00    302.600006      0.500000 90. 90.
57039     34.083302    108.883301    445.80   1300.00    295.799988      1.000000 90. 90.
57039     34.083302    108.883301    445.80   1540.00    291.799988      0.700000 90. 70.
57039     34.083302    108.883301    445.80   1780.00    187.399994      0.400000 90. 70.
57039     34.083302    108.883301    445.80   2020.00    182.600006      0.500000 90. 70.
57039     34.083302    108.883301    445.80   2260.00    179.100006      1.000000 90. 70.
57039     34.083302    108.883301    445.80   4420.00    328.500000      3.900000 90.  0.
57039     34.083302    108.883301    445.80   4660.00    295.600006      7.200000 90.  0.
57039     34.083302    108.883301    445.80   5140.00    248.500000     11.800000 90.  0.
57039     34.083302    108.883301    445.80   5860.00     34.500000      4.600000 90. 50.
57039     34.083302    108.883301    445.80   6340.00    237.100006     10.600000 90.  0.
57039     34.083302    108.883301    445.80   7540.00    328.100006      7.000000 90.  0.
57039     34.083302    108.883301    445.80   7780.00    192.000000      5.700000 90.  0.
57039     34.083302    108.883301    445.80   8020.00    133.899994      5.800000 90.  0.
57039     34.083302    108.883301    445.80   8260.00     57.000000      3.400000 90.  0.
57039     34.083302    108.883301    445.80   8500.00     60.599998     17.700001 90.  0.
57039     34.083302    108.883301    445.80   9700.00     24.299999      3.600000 90.  0.
57039     34.083302    108.883301    445.80   9940.00     68.400002      5.700000 90.  0.
57039     34.083302    108.883301    445.80  10420.00    270.000000      5.000000 90.  0.
57039     34.083302    108.883301    445.80  10660.00     27.100000      1.600000 90.  0.
57039     34.083302    108.883301    445.80  10900.00     26.000000      1.700000 90.  0.
57039     34.083302    108.883301    445.80  11140.00    324.299988      2.300000 90.  0.
57039     34.083302    108.883301    445.80  11620.00    307.000000      1.500000 90.  0.
