57171     33.770802    113.116096    142.00    900.00    116.500000      6.000000 90.  0.
57171     33.770802    113.116096    142.00   1080.00    206.300003      4.200000 90.  0.
57171     33.770802    113.116096    142.00   1320.00    187.699997      4.800000 90.  0.
57171     33.770802    113.116096    142.00   1080.00    133.199997      4.300000 90. 50.
57171     33.770802    113.116096    142.00   1320.00    144.699997      2.500000 90.  0.
57171     33.770802    113.116096    142.00   1440.00    165.699997      2.600000 90.  0.
57171     33.770802    113.116096    142.00   1920.00    166.300003      4.800000 90.  0.
57171     33.770802    113.116096    142.00   2160.00    154.399994      3.200000 90. 50.
57171     33.770802    113.116096    142.00   3240.00    246.600006      6.000000 90. 50.
57171     33.770802    113.116096    142.00   3360.00    240.500000      5.200000 90. 50.
