57358     30.830000    110.963898    295.50    160.00    268.000000      7.600000 90. 50.
57358     30.830000    110.963898    295.50    220.00    269.200012      7.800000 90. 50.
57358     30.830000    110.963898    295.50    280.00    181.800003      8.500000 90. 50.
57358     30.830000    110.963898    295.50    340.00    177.199997      8.700000 90. 50.
57358     30.830000    110.963898    295.50    400.00    164.300003      1.700000 90. 50.
57358     30.830000    110.963898    295.50    460.00    168.199997      1.900000 90. 50.
57358     30.830000    110.963898    295.50    520.00    131.199997      0.600000 90. 50.
57358     30.830000    110.963898    295.50    580.00    135.500000      0.700000 90. 50.
57358     30.830000    110.963898    295.50    640.00    124.800003      1.600000 90. 50.
57358     30.830000    110.963898    295.50    700.00    101.699997      1.600000 90. 50.
57358     30.830000    110.963898    295.50    760.00    103.099998      1.700000 90. 50.
57358     30.830000    110.963898    295.50    820.00    121.099998      2.000000 90. 50.
57358     30.830000    110.963898    295.50    880.00    125.199997      2.200000 90. 50.
57358     30.830000    110.963898    295.50    940.00    116.800003      1.900000 90. 50.
57358     30.830000    110.963898    295.50   1000.00    161.300003      1.900000 90. 50.
57358     30.830000    110.963898    295.50   1060.00    176.800003      5.600000 90. 50.
57358     30.830000    110.963898    295.50   1120.00    179.699997      6.900000 90. 50.
57358     30.830000    110.963898    295.50   1180.00    186.699997      5.400000 90. 50.
57358     30.830000    110.963898    295.50   1300.00    208.800003      6.400000 90. 50.
57358     30.830000    110.963898    295.50   1360.00    210.399994      6.000000 90. 50.
57358     30.830000    110.963898    295.50   1420.00    219.199997      5.500000 90. 50.
57358     30.830000    110.963898    295.50   1480.00    217.000000      6.800000 90. 50.
57358     30.830000    110.963898    295.50   1540.00    234.699997      5.600000 90. 50.
57358     30.830000    110.963898    295.50   1600.00    234.500000      6.500000 90. 50.
57358     30.830000    110.963898    295.50   1660.00    245.000000      7.100000 90. 50.
57358     30.830000    110.963898    295.50   1720.00    235.100006      8.500000 90. 50.
57358     30.830000    110.963898    295.50   1780.00    240.699997     10.000000 90. 50.
57358     30.830000    110.963898    295.50   1840.00    239.100006      9.800000 90. 50.
57358     30.830000    110.963898    295.50   1900.00    240.899994     10.500000 90. 50.
57358     30.830000    110.963898    295.50   1960.00    243.500000     11.700000 90. 50.
57358     30.830000    110.963898    295.50   2020.00    243.199997     12.900000 90. 50.
57358     30.830000    110.963898    295.50   2080.00    239.399994     12.600000 90. 50.
57358     30.830000    110.963898    295.50   2140.00    238.300003     12.400000 90. 50.
57358     30.830000    110.963898    295.50   2200.00    238.600006     12.800000 90. 50.
57358     30.830000    110.963898    295.50   2260.00    238.699997     13.200000 90. 50.
57358     30.830000    110.963898    295.50   2320.00    242.399994     12.800000 90. 50.
57358     30.830000    110.963898    295.50   2380.00    243.300003     12.900000 90. 50.
57358     30.830000    110.963898    295.50   2440.00    244.199997     13.200000 90. 50.
57358     30.830000    110.963898    295.50   2500.00    247.300003     13.200000 90. 50.
57358     30.830000    110.963898    295.50   2560.00    248.399994     13.400000 90. 50.
57358     30.830000    110.963898    295.50   2620.00    249.000000     13.700000 90. 50.
57358     30.830000    110.963898    295.50   2680.00    248.899994     13.700000 90. 50.
57358     30.830000    110.963898    295.50   2740.00    249.000000     13.800000 90. 50.
57358     30.830000    110.963898    295.50   2800.00    249.300003     13.800000 90. 50.
57358     30.830000    110.963898    295.50   2860.00    250.399994     13.500000 90. 50.
57358     30.830000    110.963898    295.50   2980.00    247.500000     13.000000 90. 50.
57358     30.830000    110.963898    295.50   3040.00    249.300003     12.200000 90. 50.
57358     30.830000    110.963898    295.50    100.00    181.500000      7.000000 90.  0.
57358     30.830000    110.963898    295.50    220.00    192.399994      6.900000 90.  0.
57358     30.830000    110.963898    295.50    340.00    220.399994      8.900000 90. 70.
57358     30.830000    110.963898    295.50    460.00    231.399994      8.300000 90. 70.
57358     30.830000    110.963898    295.50    580.00    248.399994      6.800000 90. 50.
57358     30.830000    110.963898    295.50    700.00    171.500000      0.700000 90. 50.
57358     30.830000    110.963898    295.50    820.00    178.699997      2.200000 90. 50.
57358     30.830000    110.963898    295.50    940.00    178.300003      2.600000 90. 50.
57358     30.830000    110.963898    295.50   1300.00    236.000000      9.700000 90. 50.
57358     30.830000    110.963898    295.50   1420.00    234.500000     10.800000 90. 50.
57358     30.830000    110.963898    295.50   1660.00    234.000000      7.700000 90. 50.
57358     30.830000    110.963898    295.50   1780.00    251.399994     14.300000 90. 50.
57358     30.830000    110.963898    295.50   2020.00    241.500000     10.600000 50. 50.
57358     30.830000    110.963898    295.50   2500.00    253.199997     13.000000 90. 50.
57358     30.830000    110.963898    295.50   2620.00    252.199997     13.400000 90. 50.
57358     30.830000    110.963898    295.50   2740.00    254.699997     14.500000 90. 50.
57358     30.830000    110.963898    295.50   2860.00    254.399994     14.500000 90. 50.
57358     30.830000    110.963898    295.50   2980.00    255.600006     14.000000 90. 50.
57358     30.830000    110.963898    295.50   3100.00    257.500000     14.000000 90. 50.
57358     30.830000    110.963898    295.50   3220.00    259.399994     13.400000 90. 50.
57358     30.830000    110.963898    295.50   3700.00    273.100006     18.000000 90. 50.
57358     30.830000    110.963898    295.50   3940.00    274.799988     17.700001 90. 50.
57358     30.830000    110.963898    295.50   4060.00    272.799988     17.500000 90. 50.
57358     30.830000    110.963898    295.50   4180.00    273.299988     17.400000 90. 50.
57358     30.830000    110.963898    295.50   4300.00    273.600006     17.400000 90. 50.
57358     30.830000    110.963898    295.50   4420.00    272.100006     17.600000 90. 50.
57358     30.830000    110.963898    295.50   4540.00    269.399994     17.700001 90. 50.
57358     30.830000    110.963898    295.50   4780.00    268.500000     10.800000 90. 50.
57358     30.830000    110.963898    295.50   4900.00    266.000000     15.700000 90. 50.
57358     30.830000    110.963898    295.50   5020.00    262.899994     14.000000 90. 70.
57358     30.830000    110.963898    295.50   5140.00    260.899994     12.400000 90. 50.
57358     30.830000    110.963898    295.50   5260.00    260.799988     13.100000 90. 70.
57358     30.830000    110.963898    295.50   5380.00    258.799988     14.000000 90. 50.
57358     30.830000    110.963898    295.50   5500.00    257.399994     15.200000 90. 50.
57358     30.830000    110.963898    295.50   5620.00    259.700012     15.300000 90. 50.
57358     30.830000    110.963898    295.50   5740.00    251.699997     16.400000 90. 50.
57358     30.830000    110.963898    295.50   5860.00    250.300003     17.100000 90. 50.
57358     30.830000    110.963898    295.50   5980.00    250.399994     16.600000 90.  0.
57358     30.830000    110.963898    295.50    100.00     36.000000      0.700000 90. 70.
57358     30.830000    110.963898    295.50    580.00    126.599998      8.400000 90. 50.
57358     30.830000    110.963898    295.50   1060.00    191.500000      2.400000 90. 50.
57358     30.830000    110.963898    295.50   1300.00    217.399994      3.300000 90. 50.
57358     30.830000    110.963898    295.50   1540.00    210.800003      4.700000 90. 50.
57358     30.830000    110.963898    295.50   1780.00    229.699997      6.000000 70. 50.
57358     30.830000    110.963898    295.50   2020.00    239.500000      7.300000 90. 50.
57358     30.830000    110.963898    295.50   2260.00    241.800003     11.700000 50. 50.
57358     30.830000    110.963898    295.50   2500.00    247.399994     11.600000 70. 50.
57358     30.830000    110.963898    295.50   2740.00    253.699997     11.400000 90. 50.
57358     30.830000    110.963898    295.50   2980.00    253.300003     11.100000 90. 50.
57358     30.830000    110.963898    295.50   3220.00    252.399994      9.300000 70. 50.
57358     30.830000    110.963898    295.50   3460.00    260.000000      8.700000 90. 50.
57358     30.830000    110.963898    295.50   3700.00    265.000000      8.500000 90. 50.
57358     30.830000    110.963898    295.50   3940.00    268.200012      8.400000 90. 50.
57358     30.830000    110.963898    295.50   4180.00    268.899994      8.700000 90. 50.
57358     30.830000    110.963898    295.50   4420.00    267.100006      8.200000 70. 50.
57358     30.830000    110.963898    295.50   4660.00    264.899994      8.300000 70. 50.
57358     30.830000    110.963898    295.50   4900.00    261.399994      9.700000 90. 50.
57358     30.830000    110.963898    295.50   5140.00    256.500000     10.000000 90. 50.
57358     30.830000    110.963898    295.50   5380.00    249.899994     11.900000 90. 50.
57358     30.830000    110.963898    295.50   5620.00    248.800003     14.800000 90. 50.
57358     30.830000    110.963898    295.50   5860.00    249.399994     15.600000 90. 50.
57358     30.830000    110.963898    295.50   6100.00    245.300003     16.400000 90. 50.
57358     30.830000    110.963898    295.50   6340.00    245.300003     16.700001 90. 50.
57358     30.830000    110.963898    295.50   6580.00    243.699997     15.600000 90. 50.
57358     30.830000    110.963898    295.50   6820.00    229.100006     10.400000 90. 50.
57358     30.830000    110.963898    295.50   7060.00    228.800003      8.700000 90. 50.
57358     30.830000    110.963898    295.50   7300.00    240.199997      7.900000 90.  0.
57358     30.830000    110.963898    295.50   7780.00    259.600006      8.200000 90.  0.
57358     30.830000    110.963898    295.50   8020.00    257.399994      8.000000 70. 50.
57358     30.830000    110.963898    295.50   8260.00    260.500000      9.300000 90. 50.
57358     30.830000    110.963898    295.50   8500.00    275.500000      9.900000 70. 50.
57358     30.830000    110.963898    295.50   8740.00    279.600006     11.200000 90. 50.
57358     30.830000    110.963898    295.50   8980.00    277.200012     12.000000 90.  0.
57358     30.830000    110.963898    295.50   9220.00    278.100006     13.200000 90.  0.
57358     30.830000    110.963898    295.50   9460.00    278.299988     14.600000 90. 50.
57358     30.830000    110.963898    295.50   9700.00    277.299988     15.000000 90. 50.
57358     30.830000    110.963898    295.50   9940.00    279.700012     15.300000 90. 50.
57358     30.830000    110.963898    295.50  10180.00    282.700012     15.400000 90. 50.
57358     30.830000    110.963898    295.50  10420.00    282.899994     15.400000 70. 50.
57358     30.830000    110.963898    295.50  10660.00    285.700012     16.100000 70. 50.
57358     30.830000    110.963898    295.50  10900.00    280.700012     16.100000 90. 50.
57358     30.830000    110.963898    295.50  11140.00    278.600006     16.299999 90. 50.
57358     30.830000    110.963898    295.50  11380.00    276.000000     17.700001 90. 50.
57358     30.830000    110.963898    295.50  11620.00    274.700012     18.200001 90. 50.
57358     30.830000    110.963898    295.50  11860.00    278.299988     19.600000 70.  0.
