57793     27.790001    114.360001    130.00    100.00    242.600006      5.900000 90. 70.
57793     27.790001    114.360001    130.00    160.00    233.500000      5.700000 90. 90.
57793     27.790001    114.360001    130.00    220.00    202.300003      3.800000 90. 90.
57793     27.790001    114.360001    130.00    280.00    205.699997      5.300000 90. 90.
57793     27.790001    114.360001    130.00    340.00    206.300003      6.700000 90. 90.
57793     27.790001    114.360001    130.00    400.00    206.899994      7.800000 90. 90.
57793     27.790001    114.360001    130.00    460.00    209.199997      9.100000 90. 90.
57793     27.790001    114.360001    130.00    520.00    210.800003      9.900000 90. 90.
57793     27.790001    114.360001    130.00    580.00    212.899994     10.400000 90. 50.
57793     27.790001    114.360001    130.00    640.00    212.899994     10.700000 90. 50.
57793     27.790001    114.360001    130.00    700.00    212.399994     10.900000 90. 70.
57793     27.790001    114.360001    130.00    760.00    215.000000     11.500000 90. 90.
57793     27.790001    114.360001    130.00    820.00    212.100006     11.500000 90. 70.
57793     27.790001    114.360001    130.00    880.00    210.699997     12.100000 90. 70.
57793     27.790001    114.360001    130.00    940.00    210.699997     12.600000 90. 90.
57793     27.790001    114.360001    130.00   1000.00    208.800003     12.900000 90. 70.
57793     27.790001    114.360001    130.00   1060.00    206.000000     14.000000 90. 90.
57793     27.790001    114.360001    130.00   1120.00    203.000000     14.700000 90. 70.
57793     27.790001    114.360001    130.00   1180.00    201.199997     14.600000 90. 50.
57793     27.790001    114.360001    130.00   1240.00    197.300003     15.500000 90. 70.
57793     27.790001    114.360001    130.00   1300.00    196.600006     13.400000 90. 50.
57793     27.790001    114.360001    130.00   1360.00    197.800003     12.900000 90.  0.
57793     27.790001    114.360001    130.00   1420.00    193.000000     13.000000 90. 50.
57793     27.790001    114.360001    130.00   1480.00    196.399994     13.600000 90.  0.
57793     27.790001    114.360001    130.00   1540.00    197.199997     13.700000 90. 70.
57793     27.790001    114.360001    130.00   1600.00    197.399994     13.800000 90. 50.
57793     27.790001    114.360001    130.00   1660.00    194.300003     13.000000 90.  0.
57793     27.790001    114.360001    130.00   1720.00    201.899994     13.100000 90. 50.
57793     27.790001    114.360001    130.00   1780.00    196.600006     12.200000 90.  0.
57793     27.790001    114.360001    130.00   1840.00    198.399994     12.000000 90. 50.
57793     27.790001    114.360001    130.00   1900.00    201.500000     11.700000 90. 50.
57793     27.790001    114.360001    130.00   1060.00    195.600006     14.500000 90. 70.
57793     27.790001    114.360001    130.00   1120.00    195.300003     14.100000 90. 90.
57793     27.790001    114.360001    130.00   1180.00    196.199997     13.500000 90. 90.
57793     27.790001    114.360001    130.00   1240.00    197.100006     13.500000 90. 90.
57793     27.790001    114.360001    130.00   1300.00    199.199997     13.500000 90. 90.
57793     27.790001    114.360001    130.00   1360.00    200.000000     13.500000 90. 90.
57793     27.790001    114.360001    130.00   1420.00    199.600006     13.400000 90. 70.
57793     27.790001    114.360001    130.00   1480.00    202.699997     13.400000 90. 70.
57793     27.790001    114.360001    130.00   1540.00    203.199997     12.800000 90. 70.
57793     27.790001    114.360001    130.00   1600.00    200.500000     12.300000 90. 50.
57793     27.790001    114.360001    130.00   1660.00    200.600006     12.900000 90. 50.
57793     27.790001    114.360001    130.00   1720.00    201.399994     12.700000 90. 50.
57793     27.790001    114.360001    130.00   1780.00    206.399994     11.700000 90. 50.
57793     27.790001    114.360001    130.00   1840.00    205.699997     12.200000 90.  0.
57793     27.790001    114.360001    130.00   1900.00    202.600006     11.500000 90. 50.
57793     27.790001    114.360001    130.00   1960.00    210.100006     11.400000 90. 50.
57793     27.790001    114.360001    130.00   2020.00    206.699997     11.300000 90. 50.
57793     27.790001    114.360001    130.00   2080.00    208.800003     12.200000 90. 50.
57793     27.790001    114.360001    130.00   2140.00    211.600006     12.600000 90. 50.
57793     27.790001    114.360001    130.00   2200.00    214.600006     12.000000 90.  0.
57793     27.790001    114.360001    130.00   2260.00    217.300003     11.800000 90. 50.
57793     27.790001    114.360001    130.00   2320.00    219.600006     11.700000 90. 50.
57793     27.790001    114.360001    130.00   2380.00    222.500000     10.800000 90. 70.
57793     27.790001    114.360001    130.00   2440.00    224.000000     11.000000 90. 70.
57793     27.790001    114.360001    130.00   2500.00    225.699997     10.900000 90. 70.
57793     27.790001    114.360001    130.00   2560.00    227.000000     10.000000 90. 50.
57793     27.790001    114.360001    130.00   2620.00    226.100006      9.700000 90. 50.
57793     27.790001    114.360001    130.00   2680.00    227.899994      9.900000 90.  0.
57793     27.790001    114.360001    130.00   2740.00    222.699997      8.700000 70. 50.
57793     27.790001    114.360001    130.00   2860.00    219.500000      9.600000 70. 50.
57793     27.790001    114.360001    130.00   2920.00    227.100006      8.300000 90. 90.
57793     27.790001    114.360001    130.00   2980.00    228.800003      8.500000 70. 90.
57793     27.790001    114.360001    130.00   3040.00    227.100006      9.600000 90. 70.
57793     27.790001    114.360001    130.00   3100.00    228.500000      9.100000 90. 50.
57793     27.790001    114.360001    130.00   3160.00    230.699997      8.500000 90. 50.
57793     27.790001    114.360001    130.00   3220.00    224.699997      9.100000 90. 50.
57793     27.790001    114.360001    130.00   3280.00    220.899994      8.600000 90. 90.
57793     27.790001    114.360001    130.00   3340.00    221.399994      8.600000 90. 70.
57793     27.790001    114.360001    130.00   3400.00    221.699997      9.400000 90. 50.
57793     27.790001    114.360001    130.00   3460.00    220.399994      8.300000 90. 90.
57793     27.790001    114.360001    130.00   3520.00    227.699997      9.400000 90. 70.
57793     27.790001    114.360001    130.00   3580.00    229.300003     10.400000 90. 50.
57793     27.790001    114.360001    130.00   3820.00    223.899994     10.000000 50. 50.
