57996     25.080000    114.250000    148.00    100.00    233.199997      2.800000 90. 50.
57996     25.080000    114.250000    148.00    160.00    228.500000      4.900000 90.  0.
57996     25.080000    114.250000    148.00    220.00    224.399994      4.500000 90.  0.
57996     25.080000    114.250000    148.00    280.00    221.399994      5.500000 90. 90.
57996     25.080000    114.250000    148.00    340.00    215.100006      7.300000 90. 90.
57996     25.080000    114.250000    148.00    400.00    213.100006      7.700000 90. 90.
57996     25.080000    114.250000    148.00    460.00    216.000000      8.000000 90. 90.
57996     25.080000    114.250000    148.00    520.00    216.600006      8.600000 90. 70.
57996     25.080000    114.250000    148.00    580.00    222.399994      8.500000 90. 90.
57996     25.080000    114.250000    148.00    640.00    224.899994      7.700000 90. 70.
57996     25.080000    114.250000    148.00    700.00    228.500000      7.200000 90. 70.
57996     25.080000    114.250000    148.00    760.00    231.699997      7.500000 90. 50.
57996     25.080000    114.250000    148.00    820.00    236.899994      7.000000 90. 50.
57996     25.080000    114.250000    148.00    880.00    248.800003      8.700000 90. 50.
57996     25.080000    114.250000    148.00   1000.00    229.000000     10.400000 90.  0.
57996     25.080000    114.250000    148.00   1060.00    235.100006      9.700000 90. 50.
57996     25.080000    114.250000    148.00   1120.00    235.699997     10.100000 90. 90.
57996     25.080000    114.250000    148.00   1180.00    232.699997     11.300000 90. 90.
57996     25.080000    114.250000    148.00   1240.00    236.899994     11.100000 90. 90.
57996     25.080000    114.250000    148.00   1300.00    237.199997     12.000000 90. 90.
57996     25.080000    114.250000    148.00   1360.00    242.300003     11.900000 90. 70.
57996     25.080000    114.250000    148.00   1420.00    235.199997     11.900000 90. 70.
57996     25.080000    114.250000    148.00   1480.00    235.899994     12.300000 90. 50.
57996     25.080000    114.250000    148.00   1540.00    235.600006     11.700000 90. 50.
57996     25.080000    114.250000    148.00   1600.00    231.199997     12.300000 90. 50.
57996     25.080000    114.250000    148.00   1660.00    233.100006     10.900000 90. 50.
57996     25.080000    114.250000    148.00   1720.00    232.500000     10.400000 90. 50.
57996     25.080000    114.250000    148.00   1780.00    227.699997     10.600000 90. 90.
57996     25.080000    114.250000    148.00   1840.00    224.100006     10.900000 90. 90.
57996     25.080000    114.250000    148.00   1900.00    224.199997     11.800000 90. 50.
57996     25.080000    114.250000    148.00   1960.00    223.199997     10.500000 90. 50.
57996     25.080000    114.250000    148.00   2020.00    226.100006     10.500000 90. 70.
57996     25.080000    114.250000    148.00   2080.00    220.899994     10.700000 90.  0.
