58044     34.537800    119.235001      4.00    100.00    272.100006      3.000000 90. 90.
58044     34.537800    119.235001      4.00    160.00    253.699997      2.900000 90. 90.
58044     34.537800    119.235001      4.00    220.00    242.800003      3.300000 90. 90.
58044     34.537800    119.235001      4.00    280.00    235.699997      3.600000 90. 90.
58044     34.537800    119.235001      4.00    340.00    228.500000      3.900000 90. 90.
58044     34.537800    119.235001      4.00    400.00    251.500000      3.500000 90. 90.
58044     34.537800    119.235001      4.00    460.00    264.100006      3.100000 90. 90.
58044     34.537800    119.235001      4.00    520.00    269.600006      3.100000 90. 90.
58044     34.537800    119.235001      4.00    580.00    301.600006      4.100000 90. 90.
58044     34.537800    119.235001      4.00    640.00    304.500000      3.700000 90. 70.
58044     34.537800    119.235001      4.00    700.00    306.000000      3.800000 90. 70.
58044     34.537800    119.235001      4.00    760.00    311.399994      3.300000 90. 70.
58044     34.537800    119.235001      4.00    820.00    318.899994      3.100000 90. 70.
58044     34.537800    119.235001      4.00    880.00    328.100006      3.200000 90. 50.
58044     34.537800    119.235001      4.00    940.00    341.700012      3.600000 90. 70.
58044     34.537800    119.235001      4.00   1000.00      1.400000      3.700000 90. 70.
58044     34.537800    119.235001      4.00   1240.00     43.000000      3.800000 90. 70.
58044     34.537800    119.235001      4.00   1300.00     33.500000      3.200000 90. 70.
58044     34.537800    119.235001      4.00   1360.00     31.700001      3.200000 90. 70.
58044     34.537800    119.235001      4.00   1420.00     42.099998      3.700000 90. 50.
58044     34.537800    119.235001      4.00   1480.00     48.000000      4.400000 90. 70.
58044     34.537800    119.235001      4.00   1540.00     51.400002      4.800000 90. 70.
58044     34.537800    119.235001      4.00   1600.00     50.200001      5.700000 90. 70.
58044     34.537800    119.235001      4.00   1660.00     49.900002      6.800000 90. 70.
58044     34.537800    119.235001      4.00   1720.00     52.200001      7.300000 90. 70.
58044     34.537800    119.235001      4.00   1780.00     56.299999      7.200000 90. 70.
58044     34.537800    119.235001      4.00   1840.00     54.299999      6.800000 70. 70.
58044     34.537800    119.235001      4.00   1900.00     56.900002      6.500000 70. 70.
58044     34.537800    119.235001      4.00   2020.00     62.599998      5.000000 90. 50.
58044     34.537800    119.235001      4.00   2140.00     57.299999      4.600000 70. 90.
58044     34.537800    119.235001      4.00   2200.00     59.900002      4.700000 70. 70.
58044     34.537800    119.235001      4.00   2260.00     67.699997      4.800000 90. 70.
58044     34.537800    119.235001      4.00   2380.00     64.599998      5.500000 90. 70.
58044     34.537800    119.235001      4.00   2440.00     65.000000      5.700000 70. 50.
58044     34.537800    119.235001      4.00    100.00    249.600006      3.300000 90. 70.
58044     34.537800    119.235001      4.00    220.00    252.699997      3.400000 90. 90.
58044     34.537800    119.235001      4.00    340.00    267.600006      3.400000 90. 70.
58044     34.537800    119.235001      4.00    460.00    259.799988      3.600000 90. 90.
58044     34.537800    119.235001      4.00    580.00    289.399994      3.600000 90. 90.
58044     34.537800    119.235001      4.00    700.00    305.700012      3.400000 90. 70.
58044     34.537800    119.235001      4.00    820.00    321.799988      3.200000 90. 70.
58044     34.537800    119.235001      4.00    940.00    347.799988      2.700000 90. 90.
58044     34.537800    119.235001      4.00   1060.00     21.500000      3.000000 90. 90.
58044     34.537800    119.235001      4.00   1180.00     40.299999      3.700000 90. 90.
58044     34.537800    119.235001      4.00   1300.00     45.400002      4.000000 90. 90.
58044     34.537800    119.235001      4.00   1420.00     52.099998      4.600000 90. 90.
58044     34.537800    119.235001      4.00   1540.00     54.500000      5.600000 90. 90.
58044     34.537800    119.235001      4.00   1660.00     54.700001      6.200000 90. 90.
58044     34.537800    119.235001      4.00   1780.00     56.099998      6.500000 90. 70.
58044     34.537800    119.235001      4.00   1900.00     56.700001      6.200000 90. 90.
58044     34.537800    119.235001      4.00   2020.00     61.000000      5.500000 90. 70.
58044     34.537800    119.235001      4.00   2140.00     62.900002      5.000000 90. 70.
58044     34.537800    119.235001      4.00   2260.00     68.300003      4.800000 90. 70.
58044     34.537800    119.235001      4.00   2380.00     71.300003      4.700000 90. 70.
58044     34.537800    119.235001      4.00   2500.00     67.199997      4.200000 90. 70.
58044     34.537800    119.235001      4.00   2620.00     45.000000      2.700000 90. 50.
58044     34.537800    119.235001      4.00   2740.00    350.299988      2.100000 90. 70.
58044     34.537800    119.235001      4.00   2860.00    327.700012      3.100000 90. 70.
58044     34.537800    119.235001      4.00   2980.00    323.700012      4.100000 90. 90.
58044     34.537800    119.235001      4.00   3100.00    316.700012      5.300000 90. 70.
58044     34.537800    119.235001      4.00   3220.00    307.399994      7.000000 90. 70.
58044     34.537800    119.235001      4.00   3340.00    300.700012      8.500000 90. 70.
58044     34.537800    119.235001      4.00   3460.00    295.899994      9.700000 90.  0.
58044     34.537800    119.235001      4.00   3580.00    289.700012     10.600000 70. 50.
58044     34.537800    119.235001      4.00   3700.00    283.600006     10.700000 70. 70.
58044     34.537800    119.235001      4.00   3820.00    279.299988     10.700000 90. 90.
58044     34.537800    119.235001      4.00   3940.00    278.399994     10.400000 90. 90.
58044     34.537800    119.235001      4.00   4060.00    278.399994     10.200000 90. 50.
58044     34.537800    119.235001      4.00   5500.00    277.700012     14.200000 90. 90.
58044     34.537800    119.235001      4.00   5620.00    278.399994     13.700000 90. 90.
58044     34.537800    119.235001      4.00   5740.00    279.299988     13.700000 90. 50.
58044     34.537800    119.235001      4.00   5860.00    281.200012     12.800000 90.  0.
58044     34.537800    119.235001      4.00    340.00    223.500000      2.800000 70. 50.
58044     34.537800    119.235001      4.00   1780.00     54.799999      5.000000 70. 50.
58044     34.537800    119.235001      4.00   2020.00     57.700001      5.400000 90. 50.
58044     34.537800    119.235001      4.00   2260.00     63.299999      5.400000 90. 70.
58044     34.537800    119.235001      4.00   2500.00     64.599998      4.500000 90. 90.
58044     34.537800    119.235001      4.00   2740.00     48.599998      3.000000 90. 70.
58044     34.537800    119.235001      4.00   2980.00    359.600006      2.500000 90. 70.
58044     34.537800    119.235001      4.00   3220.00    307.100006      5.300000 90. 90.
58044     34.537800    119.235001      4.00   3460.00    295.100006      7.900000 90. 90.
58044     34.537800    119.235001      4.00   3700.00    288.700012     10.000000 90. 50.
58044     34.537800    119.235001      4.00   3940.00    286.799988     10.100000 90. 70.
58044     34.537800    119.235001      4.00   4180.00    285.100006     10.600000 90. 50.
58044     34.537800    119.235001      4.00   4420.00    286.799988     10.700000 90.  0.
58044     34.537800    119.235001      4.00   4660.00    286.500000      9.900000 50. 50.
58044     34.537800    119.235001      4.00   5620.00    279.399994     13.700000 90. 70.
58044     34.537800    119.235001      4.00   5860.00    279.200012     13.500000 90. 70.
58044     34.537800    119.235001      4.00   6100.00    279.799988     12.700000 90.  0.
