58238     31.940001    118.908302     41.00    220.00     86.300003      4.300000 90. 50.
58238     31.940001    118.908302     41.00    280.00     86.900002      5.100000 90.  0.
58238     31.940001    118.908302     41.00    340.00     91.099998      5.300000 90. 50.
58238     31.940001    118.908302     41.00    400.00     90.800003     10.900000 90.  0.
58238     31.940001    118.908302     41.00    760.00    200.899994      1.600000 90. 50.
58238     31.940001    118.908302     41.00    820.00    180.000000      2.400000 90. 50.
58238     31.940001    118.908302     41.00    880.00    190.399994      2.300000 90. 50.
58238     31.940001    118.908302     41.00    940.00    197.800003      2.000000 90. 50.
58238     31.940001    118.908302     41.00   1000.00    229.100006      1.900000 90.  0.
58238     31.940001    118.908302     41.00   1060.00    242.699997      1.700000 90.  0.
58238     31.940001    118.908302     41.00   1120.00    240.399994      1.700000 90.  0.
58238     31.940001    118.908302     41.00   1180.00    278.100006      1.700000 90.  0.
58238     31.940001    118.908302     41.00    100.00     59.299999      1.000000 90. 50.
58238     31.940001    118.908302     41.00    220.00     76.900002      2.400000 90. 50.
58238     31.940001    118.908302     41.00    340.00     83.500000      4.300000 90. 50.
58238     31.940001    118.908302     41.00    580.00     85.599998      3.300000 90.  0.
58238     31.940001    118.908302     41.00    700.00     98.699997      2.500000 90.  0.
58238     31.940001    118.908302     41.00    820.00    154.100006      1.100000 90. 50.
58238     31.940001    118.908302     41.00   1300.00     72.599998      0.700000 90.  0.
58238     31.940001    118.908302     41.00   1420.00     69.000000      1.300000 90. 70.
58238     31.940001    118.908302     41.00   1540.00     62.299999      1.700000 90. 50.
58238     31.940001    118.908302     41.00   1780.00     32.799999      1.400000 90. 50.
58238     31.940001    118.908302     41.00   2620.00    322.799988     11.200000 90. 50.
58238     31.940001    118.908302     41.00   2740.00    323.200012     10.700000 90. 50.
58238     31.940001    118.908302     41.00   2860.00     90.000000      0.900000 90. 50.
58238     31.940001    118.908302     41.00   3100.00    263.700012      4.600000 90. 50.
58238     31.940001    118.908302     41.00   3220.00    267.399994      5.900000 90. 50.
58238     31.940001    118.908302     41.00   3340.00    268.799988      5.400000 90. 50.
58238     31.940001    118.908302     41.00   3580.00    273.399994     11.200000 90. 50.
58238     31.940001    118.908302     41.00   3700.00    287.799988      6.200000 90. 50.
58238     31.940001    118.908302     41.00   3820.00    294.000000      6.000000 90. 50.
58238     31.940001    118.908302     41.00   3940.00    299.100006      6.000000 90. 50.
58238     31.940001    118.908302     41.00   4060.00    293.100006      5.700000 90. 50.
58238     31.940001    118.908302     41.00   4180.00    304.100006      4.200000 90. 50.
58238     31.940001    118.908302     41.00   4300.00    295.899994      4.800000 90. 50.
58238     31.940001    118.908302     41.00   4420.00    286.899994      5.400000 90. 70.
58238     31.940001    118.908302     41.00   4540.00    294.899994      4.600000 90. 50.
58238     31.940001    118.908302     41.00   4660.00    300.399994      5.000000 90. 50.
58238     31.940001    118.908302     41.00   4780.00    296.600006      6.300000 90. 50.
58238     31.940001    118.908302     41.00   4900.00    289.200012      6.300000 90. 70.
58238     31.940001    118.908302     41.00   5020.00    283.799988      7.000000 90. 70.
58238     31.940001    118.908302     41.00   5140.00    277.700012      7.000000 90. 70.
58238     31.940001    118.908302     41.00   5260.00    275.700012      7.400000 90. 70.
58238     31.940001    118.908302     41.00   5380.00    275.700012      7.100000 90. 70.
58238     31.940001    118.908302     41.00   5500.00    276.500000      7.000000 90. 50.
58238     31.940001    118.908302     41.00   5620.00    278.299988      7.000000 90. 50.
58238     31.940001    118.908302     41.00   5740.00    281.799988      7.000000 90. 50.
58238     31.940001    118.908302     41.00   5860.00    284.799988      6.700000 90. 70.
58238     31.940001    118.908302     41.00   5980.00    284.799988      7.200000 90. 90.
58238     31.940001    118.908302     41.00    100.00     98.699997      1.500000 90. 70.
58238     31.940001    118.908302     41.00    340.00     11.500000      7.000000 90. 50.
58238     31.940001    118.908302     41.00    580.00     87.599998      1.800000 90.  0.
58238     31.940001    118.908302     41.00   1060.00    265.000000      0.200000 90.  0.
58238     31.940001    118.908302     41.00   2260.00    165.300003      8.000000 90. 50.
58238     31.940001    118.908302     41.00   2500.00     59.200001      1.900000 90. 50.
58238     31.940001    118.908302     41.00   2980.00    281.600006      3.500000 90.  0.
58238     31.940001    118.908302     41.00   3220.00    278.299988      5.400000 90. 50.
58238     31.940001    118.908302     41.00   3460.00    278.799988      6.500000 90. 70.
58238     31.940001    118.908302     41.00   4420.00    336.000000      3.300000 90. 70.
58238     31.940001    118.908302     41.00   4660.00    314.700012      6.100000 90. 50.
58238     31.940001    118.908302     41.00   4900.00    317.100006      4.000000 90. 70.
58238     31.940001    118.908302     41.00   5140.00    285.600006      6.100000 90. 90.
58238     31.940001    118.908302     41.00   5380.00    279.799988      6.900000 90. 70.
58238     31.940001    118.908302     41.00   5620.00    279.500000      7.000000 90. 70.
58238     31.940001    118.908302     41.00   5860.00    281.399994      6.900000 90. 70.
58238     31.940001    118.908302     41.00   6100.00    283.100006      6.600000 90. 90.
58238     31.940001    118.908302     41.00   6340.00    280.500000      7.300000 90. 90.
58238     31.940001    118.908302     41.00   6580.00    281.399994      7.500000 90. 90.
58238     31.940001    118.908302     41.00   6820.00    281.200012      7.800000 90. 90.
58238     31.940001    118.908302     41.00   7060.00    280.500000      8.200000 90. 90.
58238     31.940001    118.908302     41.00   7300.00    278.799988      7.800000 90. 70.
58238     31.940001    118.908302     41.00   7540.00    278.500000      8.300000 90. 70.
58238     31.940001    118.908302     41.00   7780.00    279.899994      8.300000 90. 50.
58238     31.940001    118.908302     41.00   8740.00    279.299988      9.800000 90. 70.
58238     31.940001    118.908302     41.00   8980.00    277.399994     10.200000 90. 70.
58238     31.940001    118.908302     41.00   9220.00    275.500000     10.200000 90. 90.
58238     31.940001    118.908302     41.00   9460.00    274.500000     10.500000 90. 90.
58238     31.940001    118.908302     41.00   9700.00    274.799988     10.500000 90. 90.
58238     31.940001    118.908302     41.00   9940.00    273.600006     10.800000 90. 90.
58238     31.940001    118.908302     41.00  10180.00    273.299988     11.100000 90. 70.
58238     31.940001    118.908302     41.00  10420.00    272.299988     11.100000 90. 70.
58238     31.940001    118.908302     41.00  10660.00    271.200012     11.000000 90. 50.
58238     31.940001    118.908302     41.00  10900.00    271.000000     11.200000 90. 50.
