58259     32.083302    120.983299      5.00    340.00     81.199997      8.700000 90. 70.
58259     32.083302    120.983299      5.00    400.00     81.199997      9.700000 90. 50.
58259     32.083302    120.983299      5.00    460.00     82.599998      9.200000 90.  0.
58259     32.083302    120.983299      5.00    580.00     77.800003      8.200000 90. 50.
58259     32.083302    120.983299      5.00    640.00     80.699997      7.800000 90. 50.
58259     32.083302    120.983299      5.00    700.00     87.199997      6.700000 90. 50.
58259     32.083302    120.983299      5.00    760.00     98.000000      6.400000 90. 50.
58259     32.083302    120.983299      5.00    820.00    114.000000      6.300000 90. 50.
58259     32.083302    120.983299      5.00    880.00    127.800003      6.100000 90. 50.
58259     32.083302    120.983299      5.00    940.00    142.000000      5.800000 90. 50.
58259     32.083302    120.983299      5.00   1000.00    157.199997      5.500000 90. 50.
58259     32.083302    120.983299      5.00   1060.00    174.800003      4.500000 90. 70.
58259     32.083302    120.983299      5.00   1240.00    227.899994      6.600000 90. 50.
58259     32.083302    120.983299      5.00   1360.00    265.200012      9.200000 90. 70.
58259     32.083302    120.983299      5.00   1420.00    273.700012     10.000000 90. 70.
58259     32.083302    120.983299      5.00   1480.00    281.299988     10.700000 90. 70.
58259     32.083302    120.983299      5.00   1540.00    294.399994     12.000000 90. 70.
58259     32.083302    120.983299      5.00   1600.00    292.500000     12.500000 90. 50.
58259     32.083302    120.983299      5.00   1720.00    291.000000     13.900000 90. 50.
58259     32.083302    120.983299      5.00   1900.00    288.299988     15.800000 90. 50.
58259     32.083302    120.983299      5.00   1960.00    290.399994     16.200001 90.  0.
58259     32.083302    120.983299      5.00   2320.00    285.399994      9.300000 70. 50.
58259     32.083302    120.983299      5.00   2380.00    283.600006      9.700000 70. 50.
58259     32.083302    120.983299      5.00    580.00     84.000000      3.300000 90. 70.
58259     32.083302    120.983299      5.00    700.00     91.000000      5.000000 90. 70.
58259     32.083302    120.983299      5.00    820.00    104.000000      3.900000 90. 50.
58259     32.083302    120.983299      5.00    940.00    154.899994      3.600000 90. 50.
58259     32.083302    120.983299      5.00   1060.00    234.300003      4.200000 90. 50.
58259     32.083302    120.983299      5.00   1180.00    261.899994      6.100000 90. 50.
58259     32.083302    120.983299      5.00   1300.00    267.500000      6.800000 90. 50.
58259     32.083302    120.983299      5.00   1540.00    279.600006     10.000000 90. 50.
58259     32.083302    120.983299      5.00   1660.00    292.399994     11.000000 90. 50.
58259     32.083302    120.983299      5.00   1780.00    300.200012     11.400000 90. 50.
58259     32.083302    120.983299      5.00   1900.00    295.100006     13.500000 70. 50.
58259     32.083302    120.983299      5.00   2020.00    296.100006     13.800000 70. 50.
58259     32.083302    120.983299      5.00   2140.00    296.000000     13.700000 70. 50.
58259     32.083302    120.983299      5.00   2260.00    291.000000     15.100000 90. 50.
58259     32.083302    120.983299      5.00   2740.00    281.399994     21.500000 90. 50.
58259     32.083302    120.983299      5.00   2860.00    275.799988     19.100000 90. 50.
58259     32.083302    120.983299      5.00   2980.00    277.500000     19.500000 90. 50.
58259     32.083302    120.983299      5.00   3100.00    278.600006     20.000000 90.  0.
58259     32.083302    120.983299      5.00   3220.00    279.000000     21.000000 90.  0.
58259     32.083302    120.983299      5.00   3340.00    277.700012     22.500000 90. 50.
58259     32.083302    120.983299      5.00   3460.00    277.200012     23.299999 90. 50.
58259     32.083302    120.983299      5.00   3820.00    278.100006     22.500000 90. 50.
58259     32.083302    120.983299      5.00   4060.00    275.100006     24.799999 90. 50.
58259     32.083302    120.983299      5.00    100.00     70.900002     11.400000 90. 50.
58259     32.083302    120.983299      5.00    340.00     68.000000     10.900000 90. 90.
58259     32.083302    120.983299      5.00    820.00     66.099998      4.600000 90. 70.
58259     32.083302    120.983299      5.00   1060.00     94.500000      3.000000 90. 70.
58259     32.083302    120.983299      5.00   1300.00    174.199997      0.600000 90. 50.
58259     32.083302    120.983299      5.00   1540.00    251.300003      3.400000 90. 50.
58259     32.083302    120.983299      5.00   2020.00    285.299988     12.700000 70. 50.
58259     32.083302    120.983299      5.00   2260.00    290.000000     13.500000 90. 50.
58259     32.083302    120.983299      5.00   2500.00    286.200012     16.200001 90. 50.
58259     32.083302    120.983299      5.00   2740.00    285.899994     16.100000 90. 70.
58259     32.083302    120.983299      5.00   2980.00    282.299988     19.200001 90. 70.
58259     32.083302    120.983299      5.00   3460.00    278.899994     21.100000 90. 50.
58259     32.083302    120.983299      5.00   3940.00    278.000000     21.700001 90. 50.
58259     32.083302    120.983299      5.00   4180.00    277.100006     20.299999 90. 50.
58259     32.083302    120.983299      5.00   4420.00    276.899994     19.799999 90. 50.
58259     32.083302    120.983299      5.00   5380.00    270.200012     20.400000 90.  0.
58259     32.083302    120.983299      5.00   5620.00    272.399994     17.500000 70. 50.
58259     32.083302    120.983299      5.00   5860.00    271.000000     19.299999 90. 50.
58259     32.083302    120.983299      5.00   6100.00    271.600006     18.799999 90.  0.
58259     32.083302    120.983299      5.00   6820.00    278.100006     17.400000 70. 50.
58259     32.083302    120.983299      5.00   7300.00    292.200012     17.200001 70. 90.
58259     32.083302    120.983299      5.00   7540.00    291.399994     17.000000 90. 90.
58259     32.083302    120.983299      5.00   7780.00    290.000000     16.799999 90. 90.
58259     32.083302    120.983299      5.00   8020.00    288.000000     16.799999 90. 90.
58259     32.083302    120.983299      5.00   8260.00    282.700012     16.600000 90. 90.
58259     32.083302    120.983299      5.00   8500.00    276.899994     16.799999 90. 90.
58259     32.083302    120.983299      5.00   8740.00    272.000000     17.100000 90. 70.
58259     32.083302    120.983299      5.00   8980.00    271.399994     18.200001 90. 50.
58259     32.083302    120.983299      5.00   9220.00    270.100006     18.799999 90. 50.
58259     32.083302    120.983299      5.00   9460.00    269.799988     18.900000 90. 50.
58259     32.083302    120.983299      5.00   9700.00    266.100006     19.200001 70. 50.
