58334     31.383301    118.366699      8.50    160.00     58.000000      5.800000 90. 50.
58334     31.383301    118.366699      8.50    220.00     55.099998      5.300000 90. 50.
58334     31.383301    118.366699      8.50    280.00     64.599998      5.200000 90. 70.
58334     31.383301    118.366699      8.50    340.00     76.199997      5.200000 90. 70.
58334     31.383301    118.366699      8.50    400.00     68.599998      5.200000 90. 70.
58334     31.383301    118.366699      8.50    460.00    100.400002      4.700000 90. 50.
58334     31.383301    118.366699      8.50    520.00     98.900002      5.100000 90. 50.
58334     31.383301    118.366699      8.50    580.00     81.599998      1.200000 90. 50.
58334     31.383301    118.366699      8.50    640.00     12.000000      0.800000 90. 70.
58334     31.383301    118.366699      8.50    700.00    301.399994      1.300000 90. 70.
58334     31.383301    118.366699      8.50    760.00    288.700012      1.700000 90. 70.
58334     31.383301    118.366699      8.50    820.00    245.699997      2.800000 90. 70.
58334     31.383301    118.366699      8.50    880.00    224.399994      1.400000 90. 70.
58334     31.383301    118.366699      8.50    940.00    256.899994      4.700000 90. 70.
58334     31.383301    118.366699      8.50   1000.00    254.199997      5.200000 90. 70.
58334     31.383301    118.366699      8.50   1060.00    256.000000      6.600000 90. 90.
58334     31.383301    118.366699      8.50   1120.00    256.200012      8.800000 90. 90.
58334     31.383301    118.366699      8.50   1180.00    250.199997     10.100000 90. 90.
58334     31.383301    118.366699      8.50   1240.00    253.300003     10.800000 90. 90.
58334     31.383301    118.366699      8.50   1300.00    253.199997     10.800000 90. 70.
58334     31.383301    118.366699      8.50   1360.00    248.800003     11.200000 90. 70.
58334     31.383301    118.366699      8.50   1420.00    248.899994     11.200000 90. 70.
58334     31.383301    118.366699      8.50   1600.00    248.000000     12.800000 70. 70.
58334     31.383301    118.366699      8.50   1660.00    246.199997     13.100000 90. 50.
58334     31.383301    118.366699      8.50   1720.00    247.500000     12.800000 90. 50.
58334     31.383301    118.366699      8.50   1780.00    252.000000     12.500000 90. 50.
58334     31.383301    118.366699      8.50   1840.00    253.800003     12.900000 90. 50.
58334     31.383301    118.366699      8.50    100.00     41.099998      0.300000 90. 70.
58334     31.383301    118.366699      8.50    220.00     60.400002      0.900000 90. 70.
58334     31.383301    118.366699      8.50    340.00     59.000000      0.200000 90. 70.
58334     31.383301    118.366699      8.50    460.00     82.800003      3.200000 90. 70.
58334     31.383301    118.366699      8.50    580.00     82.599998      3.400000 90. 70.
58334     31.383301    118.366699      8.50    700.00    108.900002      1.600000 90. 70.
58334     31.383301    118.366699      8.50    820.00    207.300003      1.500000 90. 70.
58334     31.383301    118.366699      8.50    940.00    218.899994      3.700000 90. 50.
58334     31.383301    118.366699      8.50   1060.00    209.600006      5.000000 90. 70.
58334     31.383301    118.366699      8.50   1180.00    214.800003      7.900000 90. 70.
58334     31.383301    118.366699      8.50   1300.00    210.399994      9.300000 90. 90.
58334     31.383301    118.366699      8.50   1420.00    212.899994      9.900000 90. 90.
58334     31.383301    118.366699      8.50   1540.00    215.100006     10.700000 90. 90.
58334     31.383301    118.366699      8.50   1660.00    215.300003     10.700000 90. 90.
58334     31.383301    118.366699      8.50   1780.00    216.199997     10.400000 90. 90.
58334     31.383301    118.366699      8.50   1900.00    217.199997     10.900000 90. 90.
58334     31.383301    118.366699      8.50   2020.00    218.100006     10.900000 90. 90.
58334     31.383301    118.366699      8.50   2140.00    218.100006     11.100000 90. 90.
58334     31.383301    118.366699      8.50   2260.00    218.300003     11.100000 90. 90.
58334     31.383301    118.366699      8.50   2380.00    219.899994     10.400000 90. 90.
58334     31.383301    118.366699      8.50   2500.00    220.300003     10.300000 90. 70.
58334     31.383301    118.366699      8.50   2620.00    218.699997     10.400000 90. 50.
58334     31.383301    118.366699      8.50   2740.00    218.399994     10.300000 90. 50.
58334     31.383301    118.366699      8.50   2860.00    216.600006      9.400000 90. 50.
58334     31.383301    118.366699      8.50   2980.00    220.699997      9.500000 90. 50.
58334     31.383301    118.366699      8.50   3100.00    221.100006      9.300000 90. 50.
58334     31.383301    118.366699      8.50   3220.00    218.899994      9.400000 90. 50.
58334     31.383301    118.366699      8.50   3340.00    220.000000      8.900000 90. 50.
58334     31.383301    118.366699      8.50   4300.00    222.300003      9.000000 90. 50.
58334     31.383301    118.366699      8.50   4420.00    223.100006      8.700000 90. 50.
58334     31.383301    118.366699      8.50    100.00     37.299999      1.700000 90. 70.
58334     31.383301    118.366699      8.50    340.00     67.900002      2.400000 90. 70.
58334     31.383301    118.366699      8.50    580.00     85.800003      2.600000 90. 70.
58334     31.383301    118.366699      8.50    820.00    102.000000      2.800000 90. 70.
58334     31.383301    118.366699      8.50   1060.00    158.899994      2.500000 90. 70.
58334     31.383301    118.366699      8.50   1300.00    181.000000      4.200000 70. 70.
58334     31.383301    118.366699      8.50   1540.00    223.800003      9.000000 90. 70.
58334     31.383301    118.366699      8.50   1780.00    215.899994      9.400000 90. 90.
58334     31.383301    118.366699      8.50   2020.00    218.300003     10.100000 90. 90.
58334     31.383301    118.366699      8.50   2260.00    215.000000     10.200000 90. 90.
58334     31.383301    118.366699      8.50   2500.00    218.199997      9.800000 90. 90.
58334     31.383301    118.366699      8.50   2740.00    220.399994     10.200000 90. 70.
58334     31.383301    118.366699      8.50   2980.00    221.300003      9.700000 90. 70.
58334     31.383301    118.366699      8.50   3220.00    221.800003      9.400000 90. 50.
58334     31.383301    118.366699      8.50   3460.00    219.899994      8.900000 90. 70.
58334     31.383301    118.366699      8.50   3700.00    219.699997      9.600000 90. 50.
58334     31.383301    118.366699      8.50   3940.00    218.399994      9.600000 90. 70.
58334     31.383301    118.366699      8.50   4180.00    216.600006      9.500000 90. 50.
58334     31.383301    118.366699      8.50   4420.00    212.399994     10.300000 90. 70.
