58367     31.180000    121.470001      4.00    100.00     56.000000      5.200000 90. 90.
58367     31.180000    121.470001      4.00    160.00     57.599998      5.700000 90. 90.
58367     31.180000    121.470001      4.00    220.00     57.799999      5.900000 90. 90.
58367     31.180000    121.470001      4.00    280.00     50.799999      6.000000 90. 90.
58367     31.180000    121.470001      4.00    340.00     60.599998      6.300000 90. 90.
58367     31.180000    121.470001      4.00    400.00     72.599998      6.000000 90. 90.
58367     31.180000    121.470001      4.00    460.00     73.400002      6.400000 90. 90.
58367     31.180000    121.470001      4.00    520.00     77.800003      7.800000 90. 90.
58367     31.180000    121.470001      4.00    580.00     73.000000      6.000000 90. 90.
58367     31.180000    121.470001      4.00    640.00     72.599998      4.500000 90. 90.
58367     31.180000    121.470001      4.00    700.00     88.199997      2.700000 90. 90.
58367     31.180000    121.470001      4.00    760.00    115.099998      1.500000 90. 90.
58367     31.180000    121.470001      4.00    820.00    230.800003      2.100000 90. 90.
58367     31.180000    121.470001      4.00    880.00    237.100006      2.500000 90. 90.
58367     31.180000    121.470001      4.00    940.00    246.899994      4.000000 90. 90.
58367     31.180000    121.470001      4.00   1000.00    245.800003      4.800000 90. 90.
58367     31.180000    121.470001      4.00   1060.00    252.100006      7.500000 90. 90.
58367     31.180000    121.470001      4.00   1120.00    250.500000      7.900000 90. 90.
58367     31.180000    121.470001      4.00   1180.00    250.899994      9.400000 90. 90.
58367     31.180000    121.470001      4.00   1240.00    250.199997     10.300000 90. 90.
58367     31.180000    121.470001      4.00   1300.00    252.000000      9.900000 90. 90.
58367     31.180000    121.470001      4.00   1360.00    250.699997     11.000000 90. 90.
58367     31.180000    121.470001      4.00   1420.00    249.300003     12.500000 90. 90.
58367     31.180000    121.470001      4.00   1480.00    249.800003     14.100000 90. 90.
58367     31.180000    121.470001      4.00   1540.00    252.199997     13.900000 90. 90.
58367     31.180000    121.470001      4.00   1600.00    253.100006     15.800000 90. 50.
58367     31.180000    121.470001      4.00   1660.00    253.399994     15.500000 90. 50.
58367     31.180000    121.470001      4.00   1720.00    253.199997     15.900000 90. 90.
58367     31.180000    121.470001      4.00   1780.00    252.800003     15.500000 90. 90.
58367     31.180000    121.470001      4.00   1840.00    254.100006     15.600000 90. 90.
58367     31.180000    121.470001      4.00   1900.00    255.699997     16.100000 90. 90.
58367     31.180000    121.470001      4.00   1960.00    255.500000     16.400000 90. 70.
58367     31.180000    121.470001      4.00   2020.00    258.600006     15.600000 90. 70.
58367     31.180000    121.470001      4.00   2080.00    259.299988     16.200001 90. 70.
58367     31.180000    121.470001      4.00   2140.00    258.899994     16.400000 90. 70.
58367     31.180000    121.470001      4.00   2200.00    256.799988     16.400000 90. 70.
58367     31.180000    121.470001      4.00   2260.00    257.500000     16.500000 90. 70.
58367     31.180000    121.470001      4.00   2320.00    257.600006     16.400000 90. 70.
58367     31.180000    121.470001      4.00   2380.00    256.399994     15.800000 90. 50.
58367     31.180000    121.470001      4.00   2440.00    260.200012     15.600000 90. 50.
58367     31.180000    121.470001      4.00   2500.00    257.100006     16.299999 90. 50.
58367     31.180000    121.470001      4.00   2560.00    259.500000     15.700000 90. 50.
58367     31.180000    121.470001      4.00   2620.00    261.399994     15.500000 90. 50.
58367     31.180000    121.470001      4.00   2680.00    263.700012     15.700000 90. 50.
58367     31.180000    121.470001      4.00   1050.00    257.100006      5.500000 90. 90.
58367     31.180000    121.470001      4.00   1110.00    252.100006      7.400000 90. 90.
58367     31.180000    121.470001      4.00   1170.00    251.800003      8.800000 90. 90.
58367     31.180000    121.470001      4.00   1230.00    253.399994     11.100000 90. 90.
58367     31.180000    121.470001      4.00   1290.00    253.000000     11.600000 90. 90.
58367     31.180000    121.470001      4.00   1350.00    255.100006     10.800000 90. 90.
58367     31.180000    121.470001      4.00   1410.00    253.399994     11.600000 90. 90.
58367     31.180000    121.470001      4.00   1470.00    253.699997     12.300000 90. 90.
58367     31.180000    121.470001      4.00   1530.00    253.600006     13.200000 90. 90.
58367     31.180000    121.470001      4.00   1590.00    252.600006     16.500000 90. 90.
58367     31.180000    121.470001      4.00   1650.00    256.000000     16.799999 90. 90.
58367     31.180000    121.470001      4.00   1710.00    255.100006     16.900000 90. 90.
58367     31.180000    121.470001      4.00   1770.00    253.500000     17.000000 90. 90.
58367     31.180000    121.470001      4.00   1830.00    254.500000     17.100000 90. 90.
58367     31.180000    121.470001      4.00   1890.00    255.399994     17.100000 90. 90.
58367     31.180000    121.470001      4.00   1950.00    254.600006     13.800000 90. 90.
58367     31.180000    121.470001      4.00   2010.00    256.799988     14.300000 90. 90.
58367     31.180000    121.470001      4.00   2070.00    258.399994     14.700000 90. 90.
58367     31.180000    121.470001      4.00   2130.00    258.600006     15.300000 90. 90.
58367     31.180000    121.470001      4.00   2190.00    257.100006     14.800000 90. 90.
58367     31.180000    121.470001      4.00   2310.00    259.899994     14.900000 90. 90.
58367     31.180000    121.470001      4.00   2370.00    259.000000     14.700000 90. 90.
58367     31.180000    121.470001      4.00   2430.00    260.000000     15.200000 90. 90.
58367     31.180000    121.470001      4.00   2490.00    260.399994     15.500000 90. 90.
58367     31.180000    121.470001      4.00   2550.00    260.299988     15.400000 90. 90.
58367     31.180000    121.470001      4.00   2610.00    259.399994     15.200000 90. 90.
58367     31.180000    121.470001      4.00   2670.00    259.200012     14.800000 90. 90.
58367     31.180000    121.470001      4.00   2730.00    258.000000     13.700000 90. 90.
58367     31.180000    121.470001      4.00   2790.00    256.000000     15.900000 90. 90.
58367     31.180000    121.470001      4.00   2850.00    253.300003     14.700000 90. 90.
58367     31.180000    121.470001      4.00   2910.00    252.899994     13.700000 90. 90.
58367     31.180000    121.470001      4.00   2970.00    254.199997     14.500000 90. 90.
58367     31.180000    121.470001      4.00   3030.00    252.300003     14.400000 90. 90.
58367     31.180000    121.470001      4.00   3090.00    253.000000     14.500000 90. 90.
58367     31.180000    121.470001      4.00   3150.00    257.399994     14.600000 90. 90.
58367     31.180000    121.470001      4.00   3210.00    258.899994     14.800000 90. 90.
58367     31.180000    121.470001      4.00   3270.00    258.299988     15.100000 90. 90.
58367     31.180000    121.470001      4.00   3330.00    258.299988     14.100000 90. 90.
58367     31.180000    121.470001      4.00   3390.00    260.600006     14.200000 90. 90.
58367     31.180000    121.470001      4.00   3450.00    256.799988     14.100000 90. 90.
58367     31.180000    121.470001      4.00   3510.00    260.700012     14.900000 90. 90.
58367     31.180000    121.470001      4.00   3570.00    256.100006     14.600000 90. 90.
58367     31.180000    121.470001      4.00   3630.00    259.899994     15.200000 90. 90.
58367     31.180000    121.470001      4.00   3690.00    255.800003     14.600000 90. 90.
58367     31.180000    121.470001      4.00   3750.00    259.399994     14.200000 90. 70.
58367     31.180000    121.470001      4.00   3810.00    261.399994     14.300000 90. 90.
58367     31.180000    121.470001      4.00   3870.00    258.799988     14.500000 90. 90.
58367     31.180000    121.470001      4.00   3930.00    255.500000     14.300000 90. 90.
58367     31.180000    121.470001      4.00   3990.00    260.600006     14.100000 90. 90.
58367     31.180000    121.470001      4.00   4050.00    258.000000     14.200000 90. 90.
58367     31.180000    121.470001      4.00   4110.00    259.600006     14.200000 90. 90.
58367     31.180000    121.470001      4.00   4170.00    263.200012     14.100000 90. 90.
58367     31.180000    121.470001      4.00   4230.00    258.799988     14.400000 90. 70.
58367     31.180000    121.470001      4.00   4290.00    260.799988     14.600000 90. 90.
58367     31.180000    121.470001      4.00   4350.00    260.500000     14.600000 90. 90.
58367     31.180000    121.470001      4.00   4410.00    258.000000     14.500000 90. 90.
58367     31.180000    121.470001      4.00   4470.00    255.500000     14.600000 90. 90.
58367     31.180000    121.470001      4.00   4530.00    253.199997     14.500000 90. 90.
58367     31.180000    121.470001      4.00   4590.00    248.699997     14.300000 90. 90.
58367     31.180000    121.470001      4.00   4650.00    251.800003     14.400000 90. 90.
58367     31.180000    121.470001      4.00   4710.00    247.600006     14.800000 90. 70.
58367     31.180000    121.470001      4.00   4830.00    248.199997     20.400000 90. 90.
58367     31.180000    121.470001      4.00   4890.00    251.600006     19.700001 90. 90.
58367     31.180000    121.470001      4.00   4950.00    253.300003     19.400000 90. 90.
58367     31.180000    121.470001      4.00   5010.00    252.600006     19.500000 90. 90.
58367     31.180000    121.470001      4.00   5070.00    252.100006     18.799999 90. 90.
58367     31.180000    121.470001      4.00   5130.00    251.100006     18.700001 90. 90.
58367     31.180000    121.470001      4.00   5190.00    250.199997     19.299999 90. 90.
58367     31.180000    121.470001      4.00   5250.00    251.100006     19.500000 90. 70.
58367     31.180000    121.470001      4.00   5310.00    253.000000     19.700001 90. 70.
58367     31.180000    121.470001      4.00   5370.00    254.800003     19.400000 90. 90.
58367     31.180000    121.470001      4.00   5430.00    256.399994     19.299999 90. 70.
58367     31.180000    121.470001      4.00   5490.00    255.199997     19.400000 90. 90.
58367     31.180000    121.470001      4.00   5550.00    256.600006     19.500000 90. 90.
58367     31.180000    121.470001      4.00   5610.00    256.500000     19.299999 90. 90.
58367     31.180000    121.470001      4.00   5670.00    256.700012     19.200001 90. 90.
58367     31.180000    121.470001      4.00   5730.00    257.200012     19.000000 90. 90.
58367     31.180000    121.470001      4.00   5790.00    257.399994     19.100000 90. 90.
58367     31.180000    121.470001      4.00   5850.00    257.000000     19.200001 90. 70.
58367     31.180000    121.470001      4.00   5910.00    257.399994     19.299999 90. 90.
