58448     30.218100    119.702499    112.00    120.00    261.899994     17.799999 90. 50.
58448     30.218100    119.702499    112.00    180.00    260.799988     18.200001 90. 50.
58448     30.218100    119.702499    112.00    360.00    221.199997     14.500000 90. 50.
58448     30.218100    119.702499    112.00    420.00    220.600006     15.100000 90. 50.
58448     30.218100    119.702499    112.00    480.00    214.199997     15.400000 90. 50.
58448     30.218100    119.702499    112.00    660.00    260.000000     24.400000 90. 50.
58448     30.218100    119.702499    112.00    720.00    261.500000     25.100000 90. 50.
58448     30.218100    119.702499    112.00    780.00    263.000000     25.000000 90. 50.
58448     30.218100    119.702499    112.00    840.00    263.000000     25.000000 90. 50.
58448     30.218100    119.702499    112.00    900.00    244.399994     21.600000 90. 50.
58448     30.218100    119.702499    112.00    960.00    244.199997     22.299999 90. 50.
58448     30.218100    119.702499    112.00   1020.00    260.100006     14.500000 90. 50.
58448     30.218100    119.702499    112.00   1080.00    260.100006     14.800000 90. 50.
58448     30.218100    119.702499    112.00   1140.00    261.399994     14.400000 90. 50.
58448     30.218100    119.702499    112.00   1200.00    281.299988     21.200001 90. 50.
58448     30.218100    119.702499    112.00   1260.00    281.500000     21.600000 90. 50.
58448     30.218100    119.702499    112.00   1320.00    265.700012     14.300000 90. 50.
58448     30.218100    119.702499    112.00   1380.00    265.600006     14.700000 90. 50.
58448     30.218100    119.702499    112.00   1440.00    264.899994     15.200000 90. 50.
58448     30.218100    119.702499    112.00    720.00    222.899994     18.500000 90. 50.
58448     30.218100    119.702499    112.00    840.00    226.100006     19.400000 90. 50.
58448     30.218100    119.702499    112.00    960.00    241.199997      7.600000 90. 50.
58448     30.218100    119.702499    112.00   1080.00    248.300003      9.400000 90. 50.
58448     30.218100    119.702499    112.00   1200.00    248.199997     10.400000 90. 50.
58448     30.218100    119.702499    112.00   1320.00    248.600006     10.900000 90. 50.
58448     30.218100    119.702499    112.00   1440.00    249.399994     11.400000 90. 50.
58448     30.218100    119.702499    112.00   1560.00    254.199997     12.000000 90. 50.
58448     30.218100    119.702499    112.00   1680.00    255.800003     12.600000 90. 50.
58448     30.218100    119.702499    112.00   1800.00    259.200012     13.900000 90. 50.
58448     30.218100    119.702499    112.00   1920.00    260.600006     14.700000 90. 50.
58448     30.218100    119.702499    112.00   2040.00    262.000000     15.000000 90. 50.
58448     30.218100    119.702499    112.00   2280.00    263.799988     14.800000 90. 50.
58448     30.218100    119.702499    112.00   2400.00    262.399994     14.700000 90. 50.
58448     30.218100    119.702499    112.00   2520.00    263.899994     15.000000 90. 50.
58448     30.218100    119.702499    112.00   2640.00    264.100006     15.000000 90. 50.
58448     30.218100    119.702499    112.00   2760.00    261.000000     14.100000 90. 50.
58448     30.218100    119.702499    112.00   2880.00    261.200012     13.900000 90. 50.
58448     30.218100    119.702499    112.00   3000.00    262.500000     14.800000 90. 50.
58448     30.218100    119.702499    112.00   3120.00    261.299988     15.500000 90. 50.
58448     30.218100    119.702499    112.00   3240.00    258.500000     16.200001 90. 50.
58448     30.218100    119.702499    112.00   3360.00    257.399994     17.000000 90. 50.
58448     30.218100    119.702499    112.00   3480.00    257.600006     17.600000 90. 50.
58448     30.218100    119.702499    112.00   3600.00    258.500000     17.500000 90. 50.
58448     30.218100    119.702499    112.00   3720.00    260.000000     17.200001 90. 50.
58448     30.218100    119.702499    112.00   3840.00    257.500000     16.700001 90. 50.
58448     30.218100    119.702499    112.00   3960.00    257.299988     16.700001 90. 50.
58448     30.218100    119.702499    112.00   4080.00    257.399994     16.299999 90. 50.
58448     30.218100    119.702499    112.00   4200.00    261.799988     15.600000 90. 50.
58448     30.218100    119.702499    112.00   4320.00    260.200012     15.500000 90. 70.
58448     30.218100    119.702499    112.00   4440.00    258.200012     15.500000 90. 50.
58448     30.218100    119.702499    112.00   4560.00    252.500000     16.600000 90. 50.
58448     30.218100    119.702499    112.00   4680.00    251.899994     15.400000 90. 50.
58448     30.218100    119.702499    112.00   4800.00    258.200012     12.400000 90. 50.
58448     30.218100    119.702499    112.00   4920.00    244.100006     16.299999 90. 50.
58448     30.218100    119.702499    112.00   5040.00    241.300003     16.400000 90. 50.
58448     30.218100    119.702499    112.00   5160.00    248.500000     17.299999 90. 70.
58448     30.218100    119.702499    112.00   5280.00    251.000000     17.100000 90. 70.
