58452     30.733299    120.766701      4.80    300.00     51.400002      1.400000 90. 50.
58452     30.733299    120.766701      4.80    360.00     54.000000      1.300000 90. 50.
58452     30.733299    120.766701      4.80    420.00     83.900002      0.500000 90. 50.
58452     30.733299    120.766701      4.80    480.00    246.199997      1.700000 90. 50.
58452     30.733299    120.766701      4.80    540.00    256.200012      2.200000 90. 50.
58452     30.733299    120.766701      4.80    600.00    246.199997      3.300000 90. 50.
58452     30.733299    120.766701      4.80    660.00    233.500000      3.600000 90. 50.
58452     30.733299    120.766701      4.80    720.00    253.800003      3.400000 90.  0.
58452     30.733299    120.766701      4.80    900.00    262.500000     14.300000 90. 50.
58452     30.733299    120.766701      4.80    960.00    263.500000     12.800000 90. 50.
58452     30.733299    120.766701      4.80   1020.00    264.799988     11.800000 90. 50.
58452     30.733299    120.766701      4.80   1080.00    266.500000     11.100000 90. 70.
58452     30.733299    120.766701      4.80   1140.00    262.700012     11.300000 90. 50.
58452     30.733299    120.766701      4.80   1200.00    260.100006     12.500000 90. 50.
58452     30.733299    120.766701      4.80    600.00    248.000000      0.700000 90. 50.
58452     30.733299    120.766701      4.80    720.00    222.199997      1.200000 90. 50.
58452     30.733299    120.766701      4.80    840.00    184.800003      1.100000 90. 50.
58452     30.733299    120.766701      4.80   1080.00    258.899994     11.400000 90. 50.
58452     30.733299    120.766701      4.80   1200.00    260.299988     10.700000 90. 50.
58452     30.733299    120.766701      4.80   1320.00    258.299988     12.900000 90. 50.
58452     30.733299    120.766701      4.80   1440.00    258.299988     14.100000 90. 50.
58452     30.733299    120.766701      4.80   1560.00    260.799988     14.600000 90. 50.
58452     30.733299    120.766701      4.80   1680.00    263.600006     14.900000 90. 50.
58452     30.733299    120.766701      4.80   1800.00    267.600006     15.500000 90. 50.
58452     30.733299    120.766701      4.80   1920.00    267.000000     16.400000 90. 50.
58452     30.733299    120.766701      4.80   2040.00    267.399994     16.500000 90. 50.
58452     30.733299    120.766701      4.80   2160.00    266.200012     16.600000 90. 50.
58452     30.733299    120.766701      4.80   2280.00    266.200012     17.000000 90. 50.
58452     30.733299    120.766701      4.80   2400.00    268.899994     16.600000 90. 50.
58452     30.733299    120.766701      4.80   2520.00    269.899994     17.200001 90. 50.
58452     30.733299    120.766701      4.80   2640.00    267.600006     16.400000 90. 50.
58452     30.733299    120.766701      4.80   2760.00    266.399994     17.000000 90. 50.
58452     30.733299    120.766701      4.80   2880.00    266.000000     16.600000 90. 50.
58452     30.733299    120.766701      4.80   3000.00    264.500000     16.700001 90. 50.
58452     30.733299    120.766701      4.80   3120.00    264.500000     18.500000 90. 50.
58452     30.733299    120.766701      4.80   3240.00    262.299988     15.800000 90. 50.
58452     30.733299    120.766701      4.80   3480.00    259.100006     17.400000 90. 50.
58452     30.733299    120.766701      4.80   3600.00    250.600006     20.900000 90.  0.
58452     30.733299    120.766701      4.80   4080.00    256.600006     18.900000 90.  0.
58452     30.733299    120.766701      4.80   4200.00    257.000000     19.000000 90.  0.
58452     30.733299    120.766701      4.80   4320.00    259.500000     22.299999 90.  0.
58452     30.733299    120.766701      4.80   4440.00    258.399994     19.799999 90.  0.
