58459     30.173599    120.285599     38.30    240.00    248.899994      1.100000 90. 90.
58459     30.173599    120.285599     38.30    300.00    222.000000      1.800000 90. 90.
58459     30.173599    120.285599     38.30    360.00    230.199997      2.400000 90. 90.
58459     30.173599    120.285599     38.30    420.00    238.199997      3.000000 90. 90.
58459     30.173599    120.285599     38.30    480.00    245.699997      4.500000 90. 90.
58459     30.173599    120.285599     38.30    540.00    246.899994      6.600000 90. 90.
58459     30.173599    120.285599     38.30    600.00    247.800003      8.400000 90. 90.
58459     30.173599    120.285599     38.30    660.00    244.000000      9.500000 90. 90.
58459     30.173599    120.285599     38.30    720.00    246.399994      9.400000 90. 90.
58459     30.173599    120.285599     38.30    780.00    255.100006      9.800000 90. 90.
58459     30.173599    120.285599     38.30    840.00    260.299988     10.100000 90. 90.
58459     30.173599    120.285599     38.30    900.00    258.200012     10.500000 90. 90.
58459     30.173599    120.285599     38.30    960.00    258.600006     10.900000 90. 90.
58459     30.173599    120.285599     38.30   1020.00    259.899994     11.600000 90. 90.
58459     30.173599    120.285599     38.30   1080.00    262.100006     11.800000 90. 90.
58459     30.173599    120.285599     38.30   1140.00    261.500000     12.000000 90. 90.
58459     30.173599    120.285599     38.30   1200.00    263.799988     12.400000 90. 90.
58459     30.173599    120.285599     38.30   1260.00    264.399994     12.800000 90. 90.
58459     30.173599    120.285599     38.30   1320.00    266.799988     13.300000 90. 90.
58459     30.173599    120.285599     38.30   1380.00    266.299988     13.400000 90. 90.
58459     30.173599    120.285599     38.30   1440.00    265.799988     14.100000 90. 90.
58459     30.173599    120.285599     38.30    720.00    249.100006      9.200000 90. 70.
58459     30.173599    120.285599     38.30    840.00    250.899994     10.400000 90. 70.
58459     30.173599    120.285599     38.30    960.00    258.200012     11.300000 90. 70.
58459     30.173599    120.285599     38.30   1080.00    259.799988     12.200000 90. 70.
58459     30.173599    120.285599     38.30   1200.00    261.200012     12.900000 90. 70.
58459     30.173599    120.285599     38.30   1320.00    264.399994     13.700000 90. 70.
58459     30.173599    120.285599     38.30   1440.00    266.899994     14.500000 90. 70.
58459     30.173599    120.285599     38.30   1560.00    268.799988     15.800000 90. 70.
58459     30.173599    120.285599     38.30   1680.00    271.799988     16.299999 90. 70.
58459     30.173599    120.285599     38.30   1800.00    273.000000     16.700001 90. 70.
58459     30.173599    120.285599     38.30   1920.00    275.799988     17.000000 90. 70.
58459     30.173599    120.285599     38.30   2040.00    278.200012     17.700001 90. 70.
58459     30.173599    120.285599     38.30   2160.00    278.600006     18.100000 90. 70.
58459     30.173599    120.285599     38.30   2280.00    279.200012     18.400000 90. 70.
58459     30.173599    120.285599     38.30   2400.00    280.000000     18.700001 90. 70.
58459     30.173599    120.285599     38.30   2520.00    280.700012     17.000000 90. 50.
58459     30.173599    120.285599     38.30   2640.00    278.399994     15.900000 90. 50.
58459     30.173599    120.285599     38.30   2760.00    276.500000     15.300000 90. 70.
58459     30.173599    120.285599     38.30   2880.00    269.899994     15.100000 90. 70.
58459     30.173599    120.285599     38.30   3000.00    269.100006     14.600000 90. 70.
58459     30.173599    120.285599     38.30   3120.00    267.700012     14.600000 90. 70.
58459     30.173599    120.285599     38.30   3240.00    264.799988     16.100000 90. 70.
58459     30.173599    120.285599     38.30   3360.00    265.100006     15.000000 90. 70.
58459     30.173599    120.285599     38.30   3480.00    260.700012     16.400000 90. 50.
58459     30.173599    120.285599     38.30   3600.00    260.299988     16.700001 90. 50.
58459     30.173599    120.285599     38.30   3720.00    260.399994     16.299999 90. 50.
58459     30.173599    120.285599     38.30   3840.00    259.100006     16.700001 90.  0.
58459     30.173599    120.285599     38.30   3960.00    259.600006     16.500000 90.  0.
