58467     30.100000    121.199997      5.00    180.00    118.099998      2.200000 90. 90.
58467     30.100000    121.199997      5.00    240.00    106.400002      2.100000 90. 90.
58467     30.100000    121.199997      5.00    301.00     68.900002      1.600000 90. 90.
58467     30.100000    121.199997      5.00    361.00     14.600000      2.100000 90. 90.
58467     30.100000    121.199997      5.00    421.00    336.000000      3.000000 90. 90.
58467     30.100000    121.199997      5.00    481.00    326.500000      4.300000 90. 90.
58467     30.100000    121.199997      5.00    542.00    330.899994      5.700000 90. 90.
58467     30.100000    121.199997      5.00    602.00    339.399994      7.300000 90. 50.
58467     30.100000    121.199997      5.00    662.00    341.700012      7.200000 90. 50.
58467     30.100000    121.199997      5.00    722.00    344.100006      8.500000 90. 70.
58467     30.100000    121.199997      5.00    783.00    346.700012     10.200000 90. 90.
58467     30.100000    121.199997      5.00    843.00    351.299988     10.400000 90. 90.
58467     30.100000    121.199997      5.00    903.00    351.200012     10.600000 90. 90.
58467     30.100000    121.199997      5.00    963.00    351.799988     11.200000 90. 50.
58467     30.100000    121.199997      5.00   1024.00    352.299988     12.700000 90.  0.
58467     30.100000    121.199997      5.00   1084.00    355.299988     13.200000 90.  0.
58467     30.100000    121.199997      5.00   1144.00    354.799988     14.000000 90.  0.
58467     30.100000    121.199997      5.00   1204.00    356.100006     13.900000 90.  0.
58467     30.100000    121.199997      5.00   1265.00    357.399994     14.200000 90.  0.
58467     30.100000    121.199997      5.00   1325.00    355.500000     14.900000 90.  0.
58467     30.100000    121.199997      5.00   1385.00      2.500000     15.800000 90.  0.
58467     30.100000    121.199997      5.00   1445.00      0.700000     16.700001 90. 70.
58467     30.100000    121.199997      5.00   1506.00    359.700012     17.600000 90. 70.
58467     30.100000    121.199997      5.00    791.00    348.299988      9.600000 90. 90.
58467     30.100000    121.199997      5.00    863.00    349.799988     10.100000 90. 90.
58467     30.100000    121.199997      5.00    935.00    350.899994     10.400000 90. 90.
58467     30.100000    121.199997      5.00   1007.00    351.600006     10.800000 90. 90.
58467     30.100000    121.199997      5.00   1080.00    354.600006     11.700000 90. 90.
58467     30.100000    121.199997      5.00   1152.00    356.899994     12.800000 90. 90.
58467     30.100000    121.199997      5.00   1224.00    359.399994     14.200000 90. 90.
58467     30.100000    121.199997      5.00   1297.00      1.300000     15.500000 90. 90.
58467     30.100000    121.199997      5.00   1369.00      2.300000     16.299999 90. 90.
58467     30.100000    121.199997      5.00   1441.00      2.800000     17.000000 90. 90.
58467     30.100000    121.199997      5.00   1514.00      3.100000     17.600000 90. 90.
58467     30.100000    121.199997      5.00   1586.00      3.200000     18.100000 90. 90.
58467     30.100000    121.199997      5.00   1658.00      3.500000     18.500000 90. 90.
58467     30.100000    121.199997      5.00   1731.00      4.600000     18.600000 90. 90.
58467     30.100000    121.199997      5.00   1803.00      5.000000     18.600000 90. 90.
58467     30.100000    121.199997      5.00   1875.00      5.500000     18.299999 90. 90.
58467     30.100000    121.199997      5.00   1947.00      5.500000     18.100000 90. 90.
58467     30.100000    121.199997      5.00   2020.00      6.500000     17.700001 90. 90.
58467     30.100000    121.199997      5.00   2092.00      7.300000     17.100000 90. 90.
58467     30.100000    121.199997      5.00   2164.00      7.500000     16.500000 90. 90.
58467     30.100000    121.199997      5.00   2237.00      8.100000     16.299999 90. 90.
58467     30.100000    121.199997      5.00   2309.00      8.500000     16.200001 90. 90.
58467     30.100000    121.199997      5.00   2381.00      7.700000     16.400000 90. 90.
58467     30.100000    121.199997      5.00   2454.00      6.300000     16.500000 90. 70.
58467     30.100000    121.199997      5.00   2526.00      4.800000     16.700001 90. 50.
58467     30.100000    121.199997      5.00   2598.00      2.900000     16.600000 90. 50.
58467     30.100000    121.199997      5.00   2670.00      1.000000     16.500000 90. 50.
58467     30.100000    121.199997      5.00   2743.00      1.000000     16.400000 90.  0.
58467     30.100000    121.199997      5.00   2815.00      0.400000     16.299999 90.  0.
58467     30.100000    121.199997      5.00   2887.00      0.400000     16.500000 90.  0.
58467     30.100000    121.199997      5.00   2960.00    359.100006     16.500000 90.  0.
58467     30.100000    121.199997      5.00   3032.00    358.899994     16.400000 90.  0.
58467     30.100000    121.199997      5.00   3104.00    358.799988     16.200001 90.  0.
58467     30.100000    121.199997      5.00   3249.00    357.899994     16.100000 90.  0.
58467     30.100000    121.199997      5.00   3321.00    357.899994     16.900000 90.  0.
58467     30.100000    121.199997      5.00   3394.00    357.399994     17.000000 90.  0.
58467     30.100000    121.199997      5.00   3466.00    357.100006     17.299999 90.  0.
58467     30.100000    121.199997      5.00   3538.00    357.399994     17.700001 90.  0.
58467     30.100000    121.199997      5.00   3610.00    357.299988     17.900000 90.  0.
58467     30.100000    121.199997      5.00   3683.00    357.200012     18.500000 90.  0.
58467     30.100000    121.199997      5.00   3755.00    357.000000     18.600000 90.  0.
58467     30.100000    121.199997      5.00   3827.00    355.799988     18.500000 90.  0.
58467     30.100000    121.199997      5.00   3900.00    355.200012     18.000000 90.  0.
