58462     30.930000    121.160004      0.00    100.00     84.099998      5.200000 90. 70.
58462     30.930000    121.160004      0.00    220.00     71.000000      6.100000 90. 70.
58462     30.930000    121.160004      0.00    280.00     90.099998      5.500000 90. 70.
58462     30.930000    121.160004      0.00    340.00     97.800003      5.000000 90. 90.
58462     30.930000    121.160004      0.00    400.00     94.599998      6.500000 90. 70.
58462     30.930000    121.160004      0.00    460.00    106.400002      4.700000 90. 70.
58462     30.930000    121.160004      0.00    520.00     88.000000      3.900000 90. 70.
58462     30.930000    121.160004      0.00    580.00     85.300003      1.900000 90. 70.
58462     30.930000    121.160004      0.00    640.00    126.699997      0.200000 90. 50.
58462     30.930000    121.160004      0.00    760.00    283.600006      5.100000 90. 50.
58462     30.930000    121.160004      0.00    820.00    282.799988      6.800000 90. 50.
58462     30.930000    121.160004      0.00   1060.00    254.000000      9.900000 90. 70.
58462     30.930000    121.160004      0.00   1660.00    266.299988     20.400000 90. 50.
58462     30.930000    121.160004      0.00   1720.00    265.399994     19.600000 90.  0.
58462     30.930000    121.160004      0.00   1780.00    263.299988     19.200001 90. 50.
58462     30.930000    121.160004      0.00   1840.00    262.000000     18.299999 90.  0.
58462     30.930000    121.160004      0.00   1900.00    259.600006     19.299999 90. 50.
58462     30.930000    121.160004      0.00   1960.00    261.200012     20.400000 90. 50.
58462     30.930000    121.160004      0.00   2020.00    265.700012     20.900000 90. 50.
58462     30.930000    121.160004      0.00   2080.00    266.700012     21.100000 90. 50.
58462     30.930000    121.160004      0.00   2140.00    265.000000     20.600000 90. 50.
58462     30.930000    121.160004      0.00   2200.00    266.899994     21.299999 90. 50.
58462     30.930000    121.160004      0.00   2260.00    266.000000     21.600000 90. 50.
58462     30.930000    121.160004      0.00   2320.00    269.899994     22.400000 90. 50.
58462     30.930000    121.160004      0.00   2380.00    268.600006     22.299999 90. 50.
58462     30.930000    121.160004      0.00   2440.00    267.299988     21.900000 90. 50.
58462     30.930000    121.160004      0.00   2500.00    271.399994     21.400000 90. 50.
58462     30.930000    121.160004      0.00   2560.00    271.600006     21.700001 90. 50.
58462     30.930000    121.160004      0.00   2620.00    271.000000     21.400000 90.  0.
58462     30.930000    121.160004      0.00   2680.00    275.500000     21.500000 90.  0.
58462     30.930000    121.160004      0.00   2200.00    275.500000     22.000000 90.  0.
58462     30.930000    121.160004      0.00   2260.00    275.700012     21.000000 90.  0.
58462     30.930000    121.160004      0.00   2320.00    276.100006     20.700001 90.  0.
58462     30.930000    121.160004      0.00   2380.00    279.500000     21.400000 90.  0.
58462     30.930000    121.160004      0.00   2440.00    278.299988     21.900000 90.  0.
58462     30.930000    121.160004      0.00   2500.00    276.399994     18.600000 90. 50.
58462     30.930000    121.160004      0.00   2620.00    279.600006     20.299999 90.  0.
58462     30.930000    121.160004      0.00   2680.00    280.200012     19.600000 90.  0.
58462     30.930000    121.160004      0.00   2740.00    281.899994     19.700001 90.  0.
58462     30.930000    121.160004      0.00   2800.00    281.200012     20.600000 90. 50.
58462     30.930000    121.160004      0.00   2860.00    280.799988     20.100000 90. 50.
58462     30.930000    121.160004      0.00   3700.00    231.000000     22.600000 70. 50.
58462     30.930000    121.160004      0.00   3760.00    230.500000     22.600000 70. 50.
58462     30.930000    121.160004      0.00   4600.00    263.000000     21.000000 90. 50.
58462     30.930000    121.160004      0.00   4660.00    261.799988     21.200001 90. 70.
58462     30.930000    121.160004      0.00   4720.00    260.399994     20.000000 90. 70.
58462     30.930000    121.160004      0.00   4780.00    268.000000     19.299999 90. 70.
58462     30.930000    121.160004      0.00   4840.00    264.299988     18.500000 90. 70.
58462     30.930000    121.160004      0.00   4900.00    268.500000     19.900000 90. 70.
58462     30.930000    121.160004      0.00   4960.00    264.899994     19.700001 90. 70.
58462     30.930000    121.160004      0.00   5080.00    268.399994     20.400000 90. 70.
58462     30.930000    121.160004      0.00   5140.00    255.800003     20.299999 90. 70.
58462     30.930000    121.160004      0.00   5200.00    256.500000     20.299999 90. 70.
58462     30.930000    121.160004      0.00   5260.00    261.000000     19.600000 90. 70.
58462     30.930000    121.160004      0.00   5320.00    258.700012     19.000000 90. 70.
58462     30.930000    121.160004      0.00   5380.00    258.399994     19.799999 90. 70.
58462     30.930000    121.160004      0.00   5440.00    266.799988     19.400000 90. 70.
58462     30.930000    121.160004      0.00   5500.00    265.299988     19.700001 90. 70.
58462     30.930000    121.160004      0.00   5560.00    265.100006     19.200001 90. 70.
58462     30.930000    121.160004      0.00   5620.00    264.899994     18.700001 90. 70.
58462     30.930000    121.160004      0.00   5680.00    268.100006     19.900000 90. 70.
58462     30.930000    121.160004      0.00   5740.00    269.399994     19.700001 90. 50.
