58460     30.740000    121.339996      6.00    100.00     80.699997      2.800000 90. 50.
58460     30.740000    121.339996      6.00    160.00     78.599998      2.600000 90. 90.
58460     30.740000    121.339996      6.00    220.00     79.000000      3.100000 90. 70.
58460     30.740000    121.339996      6.00    280.00     75.400002      2.700000 90. 70.
58460     30.740000    121.339996      6.00    340.00     70.599998      2.600000 90. 90.
58460     30.740000    121.339996      6.00    400.00     73.300003      2.500000 90. 70.
58460     30.740000    121.339996      6.00    460.00     64.300003      1.500000 90. 70.
58460     30.740000    121.339996      6.00    520.00     49.099998      0.500000 90. 70.
58460     30.740000    121.339996      6.00    580.00    294.299988      0.800000 90. 50.
58460     30.740000    121.339996      6.00    640.00    269.299988      2.500000 90. 70.
58460     30.740000    121.339996      6.00    700.00    260.000000      3.600000 90. 70.
58460     30.740000    121.339996      6.00    760.00    250.699997      4.100000 90. 70.
58460     30.740000    121.339996      6.00    820.00    244.100006      3.900000 90. 50.
58460     30.740000    121.339996      6.00    880.00    245.000000      4.900000 90. 50.
58460     30.740000    121.339996      6.00    940.00    237.300003      5.600000 90. 70.
58460     30.740000    121.339996      6.00   1000.00    241.699997      6.800000 90. 50.
58460     30.740000    121.339996      6.00   1060.00    254.300003      7.900000 90. 50.
58460     30.740000    121.339996      6.00   1120.00    260.100006      9.000000 90. 70.
58460     30.740000    121.339996      6.00   1180.00    254.300003     10.200000 90. 90.
58460     30.740000    121.339996      6.00   1240.00    252.500000     11.100000 90. 90.
58460     30.740000    121.339996      6.00   1300.00    254.699997     12.700000 90. 70.
58460     30.740000    121.339996      6.00   1360.00    258.100006     14.200000 90. 50.
58460     30.740000    121.339996      6.00   1420.00    259.000000     13.300000 90. 50.
58460     30.740000    121.339996      6.00   1480.00    261.100006     14.600000 90. 50.
58460     30.740000    121.339996      6.00   1540.00    260.100006     14.800000 90. 50.
58460     30.740000    121.339996      6.00   1600.00    266.399994     14.800000 90. 50.
58460     30.740000    121.339996      6.00   1660.00    267.899994     15.100000 90. 90.
58460     30.740000    121.339996      6.00   1720.00    267.200012     15.600000 90. 90.
58460     30.740000    121.339996      6.00   1780.00    266.200012     17.400000 90. 70.
58460     30.740000    121.339996      6.00   1840.00    270.600006     18.000000 90. 50.
58460     30.740000    121.339996      6.00   1900.00    271.000000     18.400000 90. 70.
58460     30.740000    121.339996      6.00   1960.00    270.600006     18.299999 90. 70.
58460     30.740000    121.339996      6.00   2020.00    273.700012     18.200001 90. 50.
58460     30.740000    121.339996      6.00   2080.00    270.700012     18.900000 90. 50.
58460     30.740000    121.339996      6.00   2140.00    269.899994     18.500000 90. 50.
58460     30.740000    121.339996      6.00   2200.00    273.700012     18.700001 90. 70.
58460     30.740000    121.339996      6.00   2260.00    273.799988     18.400000 90. 50.
58460     30.740000    121.339996      6.00   2320.00    270.399994     18.100000 90. 50.
58460     30.740000    121.339996      6.00   2380.00    271.899994     18.400000 90. 50.
58460     30.740000    121.339996      6.00   2440.00    273.100006     17.799999 90. 50.
58460     30.740000    121.339996      6.00   2500.00    271.200012     17.600000 90. 50.
58460     30.740000    121.339996      6.00   2560.00    271.799988     17.100000 90. 50.
58460     30.740000    121.339996      6.00   2620.00    269.299988     17.299999 90.  0.
58460     30.740000    121.339996      6.00   2680.00    267.000000     17.799999 90. 50.
58460     30.740000    121.339996      6.00   1840.00    270.799988     17.200001 90.  0.
58460     30.740000    121.339996      6.00   1900.00    270.799988     17.700001 90.  0.
58460     30.740000    121.339996      6.00   1960.00    270.500000     17.799999 90.  0.
58460     30.740000    121.339996      6.00   2020.00    270.600006     18.400000 90.  0.
58460     30.740000    121.339996      6.00   2080.00    271.899994     18.799999 90.  0.
58460     30.740000    121.339996      6.00   2140.00    270.799988     18.299999 90.  0.
58460     30.740000    121.339996      6.00   2200.00    271.799988     18.100000 90.  0.
58460     30.740000    121.339996      6.00   2260.00    270.799988     18.799999 90. 50.
58460     30.740000    121.339996      6.00   2320.00    273.500000     18.500000 90. 50.
58460     30.740000    121.339996      6.00   2380.00    271.000000     18.500000 90. 70.
58460     30.740000    121.339996      6.00   2440.00    271.600006     17.900000 90. 50.
58460     30.740000    121.339996      6.00   2500.00    270.000000     18.900000 90. 90.
58460     30.740000    121.339996      6.00   2560.00    269.100006     18.500000 90. 70.
58460     30.740000    121.339996      6.00   2620.00    270.000000     18.000000 90. 70.
58460     30.740000    121.339996      6.00   2680.00    268.899994     17.600000 90. 70.
58460     30.740000    121.339996      6.00   2740.00    265.899994     16.299999 90. 50.
58460     30.740000    121.339996      6.00   2800.00    264.200012     16.600000 90. 70.
58460     30.740000    121.339996      6.00   2860.00    266.299988     16.500000 90. 50.
58460     30.740000    121.339996      6.00   2920.00    266.000000     17.100000 90. 50.
58460     30.740000    121.339996      6.00   2980.00    267.600006     16.500000 90. 50.
58460     30.740000    121.339996      6.00   3040.00    268.700012     16.700001 90. 50.
58460     30.740000    121.339996      6.00   3100.00    269.899994     16.700001 90. 50.
58460     30.740000    121.339996      6.00   3160.00    271.000000     17.600000 90. 50.
58460     30.740000    121.339996      6.00   3220.00    269.100006     18.299999 90. 50.
58460     30.740000    121.339996      6.00   3280.00    266.799988     17.900000 90. 50.
58460     30.740000    121.339996      6.00   3340.00    260.899994     16.500000 90. 50.
58460     30.740000    121.339996      6.00   3400.00    260.799988     17.100000 90. 50.
58460     30.740000    121.339996      6.00   3460.00    257.299988     17.100000 90.  0.
