58543     29.608101    119.033096    175.00    240.00     68.400002      0.500000 90. 90.
58543     29.608101    119.033096    175.00    300.00     78.900002      0.400000 90. 90.
58543     29.608101    119.033096    175.00    360.00    211.600006      0.600000 90. 90.
58543     29.608101    119.033096    175.00    420.00    235.000000      1.800000 90. 90.
58543     29.608101    119.033096    175.00    480.00    240.199997      2.600000 90. 90.
58543     29.608101    119.033096    175.00    540.00    242.699997      5.000000 90. 90.
58543     29.608101    119.033096    175.00    600.00    234.699997      6.600000 90. 90.
58543     29.608101    119.033096    175.00    660.00    238.300003      8.600000 90. 90.
58543     29.608101    119.033096    175.00    720.00    233.899994      9.100000 90. 90.
58543     29.608101    119.033096    175.00    780.00    232.000000      9.600000 90. 90.
58543     29.608101    119.033096    175.00    840.00    232.899994     10.100000 90. 90.
58543     29.608101    119.033096    175.00    900.00    229.300003     11.400000 90. 90.
58543     29.608101    119.033096    175.00    960.00    230.899994     11.900000 90. 90.
58543     29.608101    119.033096    175.00   1020.00    233.399994     12.400000 90. 90.
58543     29.608101    119.033096    175.00   1080.00    235.300003     12.900000 90. 90.
58543     29.608101    119.033096    175.00   1140.00    237.800003     13.900000 90. 90.
58543     29.608101    119.033096    175.00   1200.00    240.399994     14.100000 90. 90.
58543     29.608101    119.033096    175.00   1260.00    240.399994     15.200000 90. 90.
58543     29.608101    119.033096    175.00   1320.00    243.300003     15.500000 90. 90.
58543     29.608101    119.033096    175.00   1380.00    242.399994     15.800000 90. 90.
58543     29.608101    119.033096    175.00   1440.00    243.300003     16.299999 90. 90.
58543     29.608101    119.033096    175.00    600.00    233.100006      2.700000 90. 90.
58543     29.608101    119.033096    175.00    720.00    224.899994      7.200000 90. 90.
58543     29.608101    119.033096    175.00    840.00    229.399994     10.600000 90. 90.
58543     29.608101    119.033096    175.00    960.00    229.199997     11.200000 90. 90.
58543     29.608101    119.033096    175.00   1080.00    233.699997     12.900000 90. 90.
58543     29.608101    119.033096    175.00   1200.00    237.100006     14.600000 90. 90.
58543     29.608101    119.033096    175.00   1320.00    239.500000     15.800000 90. 90.
58543     29.608101    119.033096    175.00   1440.00    242.100006     16.500000 90. 90.
58543     29.608101    119.033096    175.00   1560.00    242.199997     16.200001 90. 90.
58543     29.608101    119.033096    175.00   1680.00    243.899994     16.000000 90. 90.
58543     29.608101    119.033096    175.00   1800.00    250.000000     15.200000 90. 90.
58543     29.608101    119.033096    175.00   1920.00    254.199997     15.500000 90. 90.
58543     29.608101    119.033096    175.00   2040.00    257.799988     15.600000 90. 90.
58543     29.608101    119.033096    175.00   2160.00    260.799988     15.700000 90. 90.
58543     29.608101    119.033096    175.00   2280.00    263.299988     15.500000 90. 90.
58543     29.608101    119.033096    175.00   2400.00    265.899994     15.300000 90. 70.
58543     29.608101    119.033096    175.00   2520.00    266.899994     15.400000 90. 90.
58543     29.608101    119.033096    175.00   2640.00    265.000000     15.200000 90. 90.
58543     29.608101    119.033096    175.00   2760.00    260.500000     15.900000 90. 90.
58543     29.608101    119.033096    175.00   2880.00    256.200012     16.400000 90. 90.
58543     29.608101    119.033096    175.00   3000.00    255.100006     16.400000 90. 90.
58543     29.608101    119.033096    175.00   3120.00    255.199997     16.900000 90. 90.
58543     29.608101    119.033096    175.00   3240.00    255.000000     17.100000 90. 90.
58543     29.608101    119.033096    175.00   3360.00    254.300003     17.500000 90. 90.
58543     29.608101    119.033096    175.00   3480.00    252.899994     17.500000 90. 90.
58543     29.608101    119.033096    175.00   3600.00    252.600006     17.299999 90. 90.
58543     29.608101    119.033096    175.00   3720.00    253.699997     17.299999 90. 90.
58543     29.608101    119.033096    175.00   3840.00    255.500000     17.400000 90. 70.
58543     29.608101    119.033096    175.00   3960.00    256.000000     16.700001 90. 90.
58543     29.608101    119.033096    175.00   4080.00    252.899994     15.500000 90. 90.
58543     29.608101    119.033096    175.00   4200.00    248.199997     15.200000 90. 90.
58543     29.608101    119.033096    175.00   4320.00    246.300003     14.900000 90. 70.
58543     29.608101    119.033096    175.00   4440.00    245.300003     14.900000 90. 70.
58543     29.608101    119.033096    175.00   4560.00    243.399994     14.900000 90. 50.
58543     29.608101    119.033096    175.00   4680.00    243.100006     15.700000 90.  0.
