58557     29.341400    120.086899    100.00    240.00    193.500000      1.900000 90. 90.
58557     29.341400    120.086899    100.00    300.00    187.500000      2.300000 90. 90.
58557     29.341400    120.086899    100.00    360.00    193.899994      2.600000 90. 70.
58557     29.341400    120.086899    100.00    420.00    202.199997      3.000000 90. 90.
58557     29.341400    120.086899    100.00    480.00    219.699997      4.200000 90. 90.
58557     29.341400    120.086899    100.00    540.00    229.699997      5.000000 90. 90.
58557     29.341400    120.086899    100.00    600.00    225.100006      8.000000 90. 90.
58557     29.341400    120.086899    100.00    660.00    223.199997      9.700000 90. 90.
58557     29.341400    120.086899    100.00    720.00    226.800003     10.100000 90. 90.
58557     29.341400    120.086899    100.00    780.00    228.300003     10.000000 90. 70.
58557     29.341400    120.086899    100.00    840.00    233.100006     10.300000 90. 90.
58557     29.341400    120.086899    100.00    900.00    231.199997      9.800000 90. 70.
58557     29.341400    120.086899    100.00    960.00    233.699997     10.300000 90. 90.
58557     29.341400    120.086899    100.00   1020.00    249.399994     12.100000 90. 70.
58557     29.341400    120.086899    100.00   1080.00    247.000000     12.500000 90. 90.
58557     29.341400    120.086899    100.00   1140.00    255.699997     14.800000 90. 90.
58557     29.341400    120.086899    100.00   1200.00    256.299988     15.200000 90. 90.
58557     29.341400    120.086899    100.00   1260.00    256.299988     15.800000 90. 90.
58557     29.341400    120.086899    100.00   1320.00    258.600006     15.200000 90. 90.
58557     29.341400    120.086899    100.00    600.00    214.699997      5.300000 90. 50.
58557     29.341400    120.086899    100.00    720.00    223.300003      9.400000 90. 70.
58557     29.341400    120.086899    100.00    840.00    225.899994      9.200000 90. 70.
58557     29.341400    120.086899    100.00    960.00    227.199997     10.200000 90. 70.
58557     29.341400    120.086899    100.00   1080.00    236.300003     11.700000 90. 90.
58557     29.341400    120.086899    100.00   1200.00    258.399994     15.600000 90. 90.
58557     29.341400    120.086899    100.00   1320.00    259.100006     15.700000 90. 70.
58557     29.341400    120.086899    100.00   1440.00    260.000000     15.700000 90. 70.
58557     29.341400    120.086899    100.00   1560.00    261.700012     15.400000 90. 70.
58557     29.341400    120.086899    100.00   1680.00    267.100006     13.700000 90. 90.
58557     29.341400    120.086899    100.00   1800.00    270.899994     13.000000 90. 50.
58557     29.341400    120.086899    100.00   1920.00    276.500000     14.200000 90. 50.
58557     29.341400    120.086899    100.00   2040.00    278.500000     13.800000 90. 70.
58557     29.341400    120.086899    100.00   2160.00    280.500000     14.600000 90. 50.
58557     29.341400    120.086899    100.00   2280.00    280.799988     14.200000 90. 50.
58557     29.341400    120.086899    100.00   2400.00    279.200012     14.100000 90. 70.
58557     29.341400    120.086899    100.00   2520.00    278.500000     14.300000 90. 70.
58557     29.341400    120.086899    100.00   2640.00    277.399994     14.200000 90. 90.
58557     29.341400    120.086899    100.00   2760.00    276.700012     14.300000 90. 90.
58557     29.341400    120.086899    100.00   2880.00    274.700012     14.300000 90. 90.
58557     29.341400    120.086899    100.00   3000.00    273.100006     14.100000 90. 90.
58557     29.341400    120.086899    100.00   3120.00    271.299988     13.900000 90. 90.
58557     29.341400    120.086899    100.00   3240.00    270.200012     13.900000 90. 70.
58557     29.341400    120.086899    100.00   3360.00    267.399994     14.100000 90. 90.
58557     29.341400    120.086899    100.00   3480.00    265.000000     14.300000 90. 90.
58557     29.341400    120.086899    100.00   3600.00    262.299988     15.000000 90. 90.
58557     29.341400    120.086899    100.00   3720.00    259.399994     14.800000 90. 90.
58557     29.341400    120.086899    100.00   3840.00    258.799988     15.300000 90. 70.
58557     29.341400    120.086899    100.00   3960.00    257.600006     15.500000 90. 70.
58557     29.341400    120.086899    100.00   4080.00    257.899994     16.000000 90. 90.
58557     29.341400    120.086899    100.00   4200.00    256.100006     15.600000 90. 70.
58557     29.341400    120.086899    100.00   4320.00    255.699997     15.700000 90. 70.
58557     29.341400    120.086899    100.00   4440.00    252.100006     15.000000 90. 90.
58557     29.341400    120.086899    100.00   4560.00    253.899994     14.700000 90. 90.
58557     29.341400    120.086899    100.00   4680.00    253.800003     14.400000 90. 90.
58557     29.341400    120.086899    100.00   4800.00    252.699997     14.600000 90. 70.
58557     29.341400    120.086899    100.00   4920.00    253.699997     14.300000 90. 70.
58557     29.341400    120.086899    100.00   5040.00    256.200012     15.100000 90. 90.
58557     29.341400    120.086899    100.00   5160.00    256.200012     15.000000 90. 70.
58557     29.341400    120.086899    100.00   5280.00    256.000000     14.700000 90. 50.
58557     29.341400    120.086899    100.00   5400.00    258.100006     14.900000 90.  0.
