58730     27.616699    117.985001    224.20     60.00    277.899994      0.500000 90. 90.
58730     27.616699    117.985001    224.20    120.00    185.699997      0.300000 90. 90.
58730     27.616699    117.985001    224.20    180.00    181.600006      0.500000 90. 90.
58730     27.616699    117.985001    224.20    240.00    181.600006      1.400000 90. 90.
58730     27.616699    117.985001    224.20    300.00    182.500000      3.300000 90. 90.
58730     27.616699    117.985001    224.20    360.00    191.699997      4.100000 90. 90.
58730     27.616699    117.985001    224.20    420.00    197.899994      4.300000 90. 90.
58730     27.616699    117.985001    224.20    480.00    204.100006      4.500000 90. 90.
58730     27.616699    117.985001    224.20    540.00    214.000000      5.100000 90. 90.
58730     27.616699    117.985001    224.20    600.00    213.500000      5.600000 90. 90.
58730     27.616699    117.985001    224.20    660.00    219.899994      5.200000 90. 90.
58730     27.616699    117.985001    224.20    720.00    222.500000      5.800000 90. 90.
58730     27.616699    117.985001    224.20    780.00    228.899994      6.500000 90. 90.
58730     27.616699    117.985001    224.20    840.00    229.100006      7.300000 90. 90.
58730     27.616699    117.985001    224.20    900.00    229.300003      8.700000 90. 90.
58730     27.616699    117.985001    224.20    960.00    230.399994      9.400000 90. 90.
58730     27.616699    117.985001    224.20   1020.00    231.500000      9.400000 90. 90.
58730     27.616699    117.985001    224.20   1080.00    231.199997      9.900000 90. 90.
58730     27.616699    117.985001    224.20   1140.00    235.100006     10.600000 90. 90.
58730     27.616699    117.985001    224.20   1200.00    234.300003     10.600000 90. 90.
58730     27.616699    117.985001    224.20   1320.00    173.100006      1.600000 90. 90.
58730     27.616699    117.985001    224.20   1380.00    183.500000      1.100000 90. 90.
58730     27.616699    117.985001    224.20   1440.00    188.500000      0.300000 90. 90.
58730     27.616699    117.985001    224.20    600.00    189.899994      4.000000 90. 90.
58730     27.616699    117.985001    224.20    720.00    211.899994      5.400000 90. 90.
58730     27.616699    117.985001    224.20    840.00    218.699997      6.300000 90. 90.
58730     27.616699    117.985001    224.20    960.00    226.699997      7.900000 90. 90.
58730     27.616699    117.985001    224.20   1080.00    232.800003      9.200000 90. 90.
58730     27.616699    117.985001    224.20   1200.00    235.199997     10.100000 90. 90.
58730     27.616699    117.985001    224.20   1320.00    237.100006     11.900000 90. 90.
58730     27.616699    117.985001    224.20   1440.00    238.300003     12.300000 90. 90.
58730     27.616699    117.985001    224.20   1560.00    234.800003     13.500000 90. 90.
58730     27.616699    117.985001    224.20   1680.00    236.600006     13.500000 90. 90.
58730     27.616699    117.985001    224.20   1800.00    237.600006     13.700000 90. 90.
58730     27.616699    117.985001    224.20   1920.00    238.500000     13.000000 90. 90.
58730     27.616699    117.985001    224.20   2040.00    236.899994     12.700000 90. 90.
58730     27.616699    117.985001    224.20   2160.00    237.000000     12.200000 90. 90.
58730     27.616699    117.985001    224.20   2280.00    236.199997     11.700000 90. 90.
58730     27.616699    117.985001    224.20   2400.00    232.100006     11.400000 90. 90.
58730     27.616699    117.985001    224.20   2520.00    229.500000     11.800000 90. 90.
58730     27.616699    117.985001    224.20   2640.00    227.600006     12.100000 90. 90.
58730     27.616699    117.985001    224.20   2760.00    226.800003     12.300000 90. 90.
58730     27.616699    117.985001    224.20   2880.00    227.399994     12.700000 90. 90.
58730     27.616699    117.985001    224.20   3000.00    228.100006     12.700000 90. 90.
58730     27.616699    117.985001    224.20   3120.00    229.100006     13.400000 90. 90.
58730     27.616699    117.985001    224.20   3240.00    231.600006     14.100000 90. 90.
58730     27.616699    117.985001    224.20   3360.00    232.800003     14.500000 90. 90.
58730     27.616699    117.985001    224.20   3480.00    234.300003     15.400000 90. 90.
58730     27.616699    117.985001    224.20   3600.00    233.800003     16.400000 90. 90.
58730     27.616699    117.985001    224.20   3720.00    233.300003     16.900000 90. 70.
58730     27.616699    117.985001    224.20   3840.00    231.000000     16.700001 90. 50.
58730     27.616699    117.985001    224.20   3960.00    232.699997     17.000000 90. 50.
58730     27.616699    117.985001    224.20   4080.00    235.199997     18.200001 90. 50.
58730     27.616699    117.985001    224.20   4200.00    233.100006     17.000000 90.  0.
58730     27.616699    117.985001    224.20   4440.00    229.500000     16.600000 90. 50.
