58921     25.945299    117.369400    253.00     60.00    179.800003      0.900000 90. 90.
58921     25.945299    117.369400    253.00    120.00    173.100006      0.900000 90. 90.
58921     25.945299    117.369400    253.00    180.00    174.300003      1.900000 90. 90.
58921     25.945299    117.369400    253.00    240.00    173.000000      2.400000 90. 90.
58921     25.945299    117.369400    253.00    300.00    164.800003      2.900000 90. 90.
58921     25.945299    117.369400    253.00    360.00    169.000000      3.600000 90. 90.
58921     25.945299    117.369400    253.00    420.00    182.899994      3.700000 90. 90.
58921     25.945299    117.369400    253.00    480.00    195.800003      3.800000 90. 90.
58921     25.945299    117.369400    253.00    540.00    213.500000      3.900000 90. 90.
58921     25.945299    117.369400    253.00    600.00    224.600006      4.200000 90. 90.
58921     25.945299    117.369400    253.00    660.00    229.600006      5.100000 90. 90.
58921     25.945299    117.369400    253.00    720.00    230.000000      5.400000 90. 90.
58921     25.945299    117.369400    253.00    780.00    227.000000      5.300000 90. 90.
58921     25.945299    117.369400    253.00    840.00    221.699997      4.600000 90. 90.
58921     25.945299    117.369400    253.00    900.00    212.100006      4.000000 90. 90.
58921     25.945299    117.369400    253.00    960.00    206.600006      3.700000 90. 90.
58921     25.945299    117.369400    253.00   1020.00    212.300003      4.000000 90. 90.
58921     25.945299    117.369400    253.00   1080.00    215.000000      3.900000 90. 90.
58921     25.945299    117.369400    253.00   1140.00    220.699997      4.500000 90. 90.
58921     25.945299    117.369400    253.00   1200.00    225.800003      5.000000 90. 90.
58921     25.945299    117.369400    253.00   1260.00    229.800003      5.900000 90. 90.
58921     25.945299    117.369400    253.00   1320.00    230.800003      6.800000 90. 90.
58921     25.945299    117.369400    253.00   1380.00    232.399994      7.600000 90. 90.
58921     25.945299    117.369400    253.00   1440.00    233.399994      8.400000 90. 90.
58921     25.945299    117.369400    253.00    600.00    211.899994      3.900000 90. 90.
58921     25.945299    117.369400    253.00    720.00    224.500000      4.600000 90. 90.
58921     25.945299    117.369400    253.00    840.00    225.100006      4.800000 90. 90.
58921     25.945299    117.369400    253.00    960.00    219.199997      4.400000 90. 90.
58921     25.945299    117.369400    253.00   1080.00    219.100006      5.100000 90. 90.
58921     25.945299    117.369400    253.00   1200.00    224.600006      6.600000 90. 90.
58921     25.945299    117.369400    253.00   1320.00    228.600006      7.500000 90. 90.
58921     25.945299    117.369400    253.00   1440.00    230.800003      8.100000 90. 90.
58921     25.945299    117.369400    253.00   1560.00    231.000000      8.600000 90. 90.
58921     25.945299    117.369400    253.00   1680.00    232.300003      9.200000 90. 90.
58921     25.945299    117.369400    253.00   1800.00    229.100006      9.400000 90. 90.
58921     25.945299    117.369400    253.00   1920.00    224.899994      9.700000 90. 90.
58921     25.945299    117.369400    253.00   2040.00    223.399994      9.700000 90. 90.
58921     25.945299    117.369400    253.00   2160.00    223.300003      9.700000 90. 90.
58921     25.945299    117.369400    253.00   2280.00    224.300003      9.400000 90. 90.
58921     25.945299    117.369400    253.00   2400.00    225.800003      8.600000 90. 90.
58921     25.945299    117.369400    253.00   2520.00    228.600006      8.300000 90. 90.
58921     25.945299    117.369400    253.00   2640.00    232.199997      8.300000 90. 90.
58921     25.945299    117.369400    253.00   2760.00    233.300003      8.600000 90. 90.
58921     25.945299    117.369400    253.00   2880.00    233.000000      9.000000 90. 90.
58921     25.945299    117.369400    253.00   3000.00    232.300003      9.200000 90. 90.
58921     25.945299    117.369400    253.00   3120.00    232.899994      9.700000 90. 90.
58921     25.945299    117.369400    253.00   3240.00    228.699997     10.100000 90. 90.
58921     25.945299    117.369400    253.00   3360.00    228.300003     10.600000 90. 90.
58921     25.945299    117.369400    253.00   3480.00    227.699997     11.300000 90. 90.
58921     25.945299    117.369400    253.00   3600.00    224.699997     10.900000 90. 90.
58921     25.945299    117.369400    253.00   3720.00    227.300003     10.800000 90. 90.
58921     25.945299    117.369400    253.00   3840.00    226.800003     10.800000 90. 90.
58921     25.945299    117.369400    253.00   3960.00    226.399994     10.800000 90. 90.
58921     25.945299    117.369400    253.00   4080.00    228.000000     10.700000 90. 90.
58921     25.945299    117.369400    253.00   4200.00    226.800003     10.800000 90. 90.
58921     25.945299    117.369400    253.00   4320.00    225.899994     10.900000 90. 90.
58921     25.945299    117.369400    253.00   4440.00    226.399994     11.200000 90. 90.
58921     25.945299    117.369400    253.00   4560.00    224.600006     11.200000 90. 70.
58921     25.945299    117.369400    253.00   4680.00    227.199997     12.200000 90. 50.
58921     25.945299    117.369400    253.00   4800.00    227.800003     12.400000 90. 50.
