59072     24.799999    112.370003    131.00    100.00    176.300003      3.200000 90. 70.
59072     24.799999    112.370003    131.00    160.00    175.199997      3.600000 90. 50.
59072     24.799999    112.370003    131.00    220.00    176.800003      4.000000 90. 50.
59072     24.799999    112.370003    131.00    280.00    171.399994      4.400000 90. 70.
59072     24.799999    112.370003    131.00    340.00    171.199997      4.800000 90. 90.
59072     24.799999    112.370003    131.00    400.00    179.199997      4.900000 90. 90.
59072     24.799999    112.370003    131.00    460.00    182.000000      5.200000 90. 90.
59072     24.799999    112.370003    131.00    520.00    185.600006      5.700000 90. 90.
59072     24.799999    112.370003    131.00    580.00    187.399994      6.000000 90. 90.
59072     24.799999    112.370003    131.00    640.00    191.800003      6.000000 90. 70.
59072     24.799999    112.370003    131.00    700.00    196.800003      5.900000 90. 50.
59072     24.799999    112.370003    131.00    760.00    196.899994      5.800000 90. 70.
59072     24.799999    112.370003    131.00    820.00    204.399994      5.600000 90. 90.
59072     24.799999    112.370003    131.00    880.00    207.800003      5.900000 90. 90.
59072     24.799999    112.370003    131.00    940.00    207.600006      5.800000 90. 50.
59072     24.799999    112.370003    131.00   1000.00    211.399994      6.400000 90. 50.
59072     24.799999    112.370003    131.00   1060.00    211.199997      6.500000 90.  0.
59072     24.799999    112.370003    131.00   1120.00    219.399994      6.900000 90.  0.
59072     24.799999    112.370003    131.00   1180.00    221.699997      7.100000 90. 50.
59072     24.799999    112.370003    131.00   1240.00    223.699997      7.300000 90. 90.
59072     24.799999    112.370003    131.00   1300.00    223.000000      8.000000 90. 90.
59072     24.799999    112.370003    131.00   1360.00    222.699997      9.200000 90. 70.
59072     24.799999    112.370003    131.00   1420.00    228.100006     10.200000 90. 70.
59072     24.799999    112.370003    131.00   1480.00    225.699997     10.700000 90. 90.
59072     24.799999    112.370003    131.00   1540.00    224.800003     11.200000 90. 70.
59072     24.799999    112.370003    131.00   1600.00    223.100006     11.300000 90. 70.
59072     24.799999    112.370003    131.00   1660.00    222.300003     11.800000 90. 70.
59072     24.799999    112.370003    131.00   1720.00    223.100006     12.800000 90.  0.
59072     24.799999    112.370003    131.00   1780.00    221.899994     12.600000 90.  0.
59072     24.799999    112.370003    131.00   1840.00    221.600006     12.300000 90. 50.
59072     24.799999    112.370003    131.00   1900.00    222.199997     12.500000 90.  0.
59072     24.799999    112.370003    131.00   1960.00    224.800003     13.000000 90.  0.
59072     24.799999    112.370003    131.00   2020.00    221.100006     13.000000 90.  0.
59072     24.799999    112.370003    131.00   2080.00    221.100006     13.200000 90.  0.
59072     24.799999    112.370003    131.00   2140.00    221.399994     13.800000 90.  0.
59072     24.799999    112.370003    131.00   2200.00    221.000000     13.200000 90.  0.
59072     24.799999    112.370003    131.00   2320.00    222.100006     13.100000 90.  0.
59072     24.799999    112.370003    131.00   1050.00    208.500000      6.600000 90. 50.
59072     24.799999    112.370003    131.00   1110.00    212.500000      6.800000 90. 50.
59072     24.799999    112.370003    131.00   1170.00    218.000000      6.800000 90. 70.
59072     24.799999    112.370003    131.00   1230.00    218.500000      6.700000 90. 90.
59072     24.799999    112.370003    131.00   1290.00    220.899994      7.200000 90. 90.
59072     24.799999    112.370003    131.00   1350.00    221.800003      7.700000 90. 90.
59072     24.799999    112.370003    131.00   1410.00    223.300003      8.900000 90. 90.
59072     24.799999    112.370003    131.00   1470.00    225.399994      9.800000 90. 90.
59072     24.799999    112.370003    131.00   1530.00    226.600006     10.700000 90. 90.
59072     24.799999    112.370003    131.00   1590.00    225.899994     11.200000 90. 90.
59072     24.799999    112.370003    131.00   1650.00    226.699997     11.800000 90. 90.
59072     24.799999    112.370003    131.00   1710.00    225.500000     12.400000 90. 90.
59072     24.799999    112.370003    131.00   1770.00    224.500000     12.900000 90. 50.
59072     24.799999    112.370003    131.00   1830.00    225.699997     13.400000 90. 50.
59072     24.799999    112.370003    131.00   1890.00    226.699997     13.300000 90. 90.
59072     24.799999    112.370003    131.00   1950.00    226.000000     13.300000 90. 70.
59072     24.799999    112.370003    131.00   2010.00    228.399994     13.700000 90.  0.
59072     24.799999    112.370003    131.00   2070.00    228.800003     13.800000 90.  0.
59072     24.799999    112.370003    131.00   2130.00    229.100006     14.200000 90.  0.
59072     24.799999    112.370003    131.00   2190.00    229.399994     13.600000 90. 50.
59072     24.799999    112.370003    131.00   2250.00    229.399994     14.100000 90. 50.
59072     24.799999    112.370003    131.00   2310.00    227.300003     13.700000 90. 50.
59072     24.799999    112.370003    131.00   2370.00    226.100006     13.300000 90.  0.
59072     24.799999    112.370003    131.00   2430.00    231.699997     13.400000 90.  0.
59072     24.799999    112.370003    131.00   2490.00    224.500000     13.200000 90. 50.
59072     24.799999    112.370003    131.00   2550.00    224.699997     12.100000 90. 50.
59072     24.799999    112.370003    131.00   2610.00    223.600006     12.100000 90. 50.
59072     24.799999    112.370003    131.00   2670.00    222.899994     12.300000 90.  0.
59072     24.799999    112.370003    131.00   2730.00    222.000000     12.400000 90.  0.
59072     24.799999    112.370003    131.00   2790.00    222.699997     11.600000 90.  0.
59072     24.799999    112.370003    131.00   2850.00    227.000000     11.800000 90. 50.
59072     24.799999    112.370003    131.00   2910.00    224.300003     11.900000 90. 50.
59072     24.799999    112.370003    131.00   2970.00    226.100006     11.600000 90. 50.
59072     24.799999    112.370003    131.00   3030.00    219.600006     10.200000 90. 50.
59072     24.799999    112.370003    131.00   3090.00    219.300003     11.000000 90.  0.
59072     24.799999    112.370003    131.00   3150.00    221.899994     11.300000 90.  0.
59072     24.799999    112.370003    131.00   3210.00    223.699997     11.400000 90.  0.
59072     24.799999    112.370003    131.00   3270.00    221.500000     11.500000 90.  0.
59072     24.799999    112.370003    131.00   3330.00    229.399994     10.400000 90. 50.
59072     24.799999    112.370003    131.00   3450.00    234.899994      9.100000 90.  0.
59072     24.799999    112.370003    131.00   3510.00    232.000000      9.100000 90.  0.
59072     24.799999    112.370003    131.00   3630.00    235.500000      7.600000 90.  0.
59072     24.799999    112.370003    131.00   3690.00    238.800003      7.300000 90.  0.
59072     24.799999    112.370003    131.00   3810.00    241.800003      7.100000 90.  0.
59072     24.799999    112.370003    131.00   3930.00    245.600006      7.700000 70. 50.
59072     24.799999    112.370003    131.00   4050.00    237.600006      7.000000 90.  0.
59072     24.799999    112.370003    131.00   4110.00    244.899994      5.600000 90.  0.
59072     24.799999    112.370003    131.00   4350.00    243.300003      6.000000 90.  0.
