59285     23.559999    113.610001     39.00    100.00    144.199997      0.800000 90. 90.
59285     23.559999    113.610001     39.00    160.00    139.500000      0.800000 90. 50.
59285     23.559999    113.610001     39.00    220.00    129.800003      0.800000 90. 90.
59285     23.559999    113.610001     39.00    280.00    132.100006      1.400000 90. 90.
59285     23.559999    113.610001     39.00    340.00    137.800003      2.000000 90. 90.
59285     23.559999    113.610001     39.00    400.00    145.500000      2.100000 90. 70.
59285     23.559999    113.610001     39.00    460.00    168.500000      2.000000 90. 90.
59285     23.559999    113.610001     39.00    520.00    185.399994      2.200000 90. 90.
59285     23.559999    113.610001     39.00    580.00    194.600006      1.100000 90. 90.
59285     23.559999    113.610001     39.00    640.00    195.300003      2.600000 90. 70.
59285     23.559999    113.610001     39.00    700.00    199.500000      3.400000 90. 70.
59285     23.559999    113.610001     39.00    760.00    200.199997      3.900000 90. 90.
59285     23.559999    113.610001     39.00    820.00    204.800003      4.500000 90. 70.
59285     23.559999    113.610001     39.00    880.00    208.300003      5.500000 90. 90.
59285     23.559999    113.610001     39.00    940.00    210.500000      6.000000 90. 90.
59285     23.559999    113.610001     39.00   1000.00    209.199997      6.800000 90. 50.
59285     23.559999    113.610001     39.00   1060.00    210.100006      6.900000 90. 50.
59285     23.559999    113.610001     39.00   1120.00    208.500000      7.100000 90. 50.
59285     23.559999    113.610001     39.00   1180.00    212.300003      7.300000 90. 50.
59285     23.559999    113.610001     39.00   1240.00    210.000000      7.400000 90. 50.
59285     23.559999    113.610001     39.00   1300.00    211.899994      7.600000 90. 50.
59285     23.559999    113.610001     39.00   1360.00    213.500000      7.800000 90. 50.
59285     23.559999    113.610001     39.00   1420.00    213.300003      8.000000 90. 70.
59285     23.559999    113.610001     39.00   1480.00    213.699997      8.200000 90. 50.
59285     23.559999    113.610001     39.00   1540.00    212.100006      8.700000 90. 90.
59285     23.559999    113.610001     39.00   1600.00    213.500000      8.800000 90. 70.
59285     23.559999    113.610001     39.00   1660.00    211.600006      9.200000 90. 50.
59285     23.559999    113.610001     39.00   1720.00    213.199997      8.600000 90. 50.
59285     23.559999    113.610001     39.00   1780.00    213.100006      8.700000 90.  0.
59285     23.559999    113.610001     39.00   1840.00    212.699997      8.800000 90.  0.
59285     23.559999    113.610001     39.00   1060.00    209.800003      7.000000 90. 50.
59285     23.559999    113.610001     39.00   1120.00    210.199997      7.500000 90. 70.
59285     23.559999    113.610001     39.00   1180.00    214.899994      7.500000 90. 50.
59285     23.559999    113.610001     39.00   1240.00    213.100006      7.600000 90. 50.
59285     23.559999    113.610001     39.00   1300.00    214.800003      7.800000 90. 50.
59285     23.559999    113.610001     39.00   1360.00    214.199997      7.800000 90. 50.
59285     23.559999    113.610001     39.00   1420.00    213.500000      8.100000 90. 90.
59285     23.559999    113.610001     39.00   1480.00    213.800003      8.300000 90. 70.
59285     23.559999    113.610001     39.00   1540.00    213.300003      8.600000 90. 70.
59285     23.559999    113.610001     39.00   1600.00    213.399994      9.100000 90. 70.
59285     23.559999    113.610001     39.00   1660.00    212.300003      9.100000 90. 70.
59285     23.559999    113.610001     39.00   1720.00    213.600006      8.700000 90. 50.
59285     23.559999    113.610001     39.00   1780.00    213.699997      8.800000 90.  0.
59285     23.559999    113.610001     39.00   1840.00    215.399994      8.400000 90.  0.
59285     23.559999    113.610001     39.00   1900.00    216.199997      8.400000 90. 50.
59285     23.559999    113.610001     39.00   1960.00    215.300003      8.400000 90.  0.
59285     23.559999    113.610001     39.00   2020.00    215.500000      8.400000 90.  0.
59285     23.559999    113.610001     39.00   2080.00    216.300003      8.800000 90.  0.
59285     23.559999    113.610001     39.00   2140.00    213.300003      9.600000 90.  0.
