59287     23.229200    113.498596     65.00    150.00    208.699997      2.100000 90. 90.
59287     23.229200    113.498596     65.00    270.00    241.500000      1.400000 90. 90.
59287     23.229200    113.498596     65.00    390.00    148.699997      0.900000 90. 90.
59287     23.229200    113.498596     65.00    510.00    184.399994      2.400000 90. 90.
59287     23.229200    113.498596     65.00    630.00    196.199997      3.600000 90. 90.
59287     23.229200    113.498596     65.00    750.00    195.800003      4.000000 90. 90.
59287     23.229200    113.498596     65.00    870.00    199.800003      3.100000 90. 90.
59287     23.229200    113.498596     65.00    990.00    208.699997      2.600000 90. 90.
59287     23.229200    113.498596     65.00   1110.00    202.800003      3.100000 90. 90.
59287     23.229200    113.498596     65.00   1230.00    201.399994      3.300000 90. 90.
59287     23.229200    113.498596     65.00   1350.00    199.500000      2.900000 90. 90.
59287     23.229200    113.498596     65.00   1470.00    204.800003      2.900000 90. 90.
59287     23.229200    113.498596     65.00   1590.00    213.500000      3.300000 90. 90.
59287     23.229200    113.498596     65.00   1710.00    207.100006      4.800000 90. 90.
59287     23.229200    113.498596     65.00   1830.00    202.500000      4.900000 90. 90.
59287     23.229200    113.498596     65.00   1950.00    201.000000      2.900000 90. 90.
59287     23.229200    113.498596     65.00   2070.00    198.600006      2.200000 90. 90.
59287     23.229200    113.498596     65.00   2190.00    234.800003      1.200000 90. 90.
59287     23.229200    113.498596     65.00   2310.00    198.800003      0.600000 90. 90.
59287     23.229200    113.498596     65.00   2430.00    181.500000      1.600000 90. 90.
59287     23.229200    113.498596     65.00   2550.00    207.899994      3.100000 90. 90.
59287     23.229200    113.498596     65.00   2670.00    194.899994      3.200000 90. 90.
59287     23.229200    113.498596     65.00   2790.00    192.000000      2.600000 90. 90.
59287     23.229200    113.498596     65.00   2910.00    224.699997      2.900000 90. 90.
59287     23.229200    113.498596     65.00   2550.00    217.399994      9.500000 90. 50.
59287     23.229200    113.498596     65.00   2790.00    225.600006      8.800000 90. 50.
59287     23.229200    113.498596     65.00   3030.00    233.300003      7.200000 90. 50.
59287     23.229200    113.498596     65.00   3270.00    230.500000      7.400000 90. 50.
59287     23.229200    113.498596     65.00   3510.00    219.399994      7.600000 90. 50.
59287     23.229200    113.498596     65.00   3750.00    228.000000      7.900000 90. 50.
59287     23.229200    113.498596     65.00   3990.00    231.899994      7.100000 90. 50.
59287     23.229200    113.498596     65.00   4230.00    233.100006      7.600000 90. 50.
59287     23.229200    113.498596     65.00   4470.00    228.199997      8.500000 90. 50.
59287     23.229200    113.498596     65.00   4710.00    230.300003      8.800000 90. 50.
59287     23.229200    113.498596     65.00   4950.00    231.199997      9.500000 90. 50.
59287     23.229200    113.498596     65.00   5190.00    233.800003      9.800000 90. 50.
59287     23.229200    113.498596     65.00   5430.00    232.899994      9.800000 90. 50.
59287     23.229200    113.498596     65.00   5670.00    226.199997      9.900000 90. 50.
59287     23.229200    113.498596     65.00   5910.00    221.100006     10.800000 90. 50.
59287     23.229200    113.498596     65.00   6150.00    215.899994     10.800000 90. 50.
59287     23.229200    113.498596     65.00   6390.00    207.199997     11.300000 90. 50.
59287     23.229200    113.498596     65.00   6630.00    204.899994     11.300000 90. 50.
59287     23.229200    113.498596     65.00   6870.00    209.800003     10.100000 90. 50.
59287     23.229200    113.498596     65.00   7110.00    204.300003     10.200000 90. 50.
