59290     23.780001    114.239998     79.00    340.00    270.200012      0.600000 90. 50.
59290     23.780001    114.239998     79.00    400.00    262.500000      0.700000 90. 90.
59290     23.780001    114.239998     79.00    460.00    310.200012      1.200000 90. 70.
59290     23.780001    114.239998     79.00    520.00    305.700012      2.200000 90. 90.
59290     23.780001    114.239998     79.00    580.00    291.299988      2.400000 90. 90.
59290     23.780001    114.239998     79.00    640.00    276.700012      2.600000 90. 90.
59290     23.780001    114.239998     79.00    700.00    264.899994      2.900000 90. 90.
59290     23.780001    114.239998     79.00    760.00    260.799988      3.400000 90. 50.
59290     23.780001    114.239998     79.00    820.00    252.199997      3.900000 90. 70.
59290     23.780001    114.239998     79.00    880.00    247.199997      4.300000 90. 90.
59290     23.780001    114.239998     79.00    940.00    245.500000      4.900000 90. 90.
59290     23.780001    114.239998     79.00   1000.00    245.800003      5.500000 90. 70.
59290     23.780001    114.239998     79.00   1060.00    252.699997      6.000000 90. 90.
59290     23.780001    114.239998     79.00   1120.00    254.300003      6.200000 90. 70.
59290     23.780001    114.239998     79.00   1180.00    251.199997      6.300000 90. 90.
59290     23.780001    114.239998     79.00   1240.00    253.699997      6.800000 90. 70.
59290     23.780001    114.239998     79.00   1300.00    251.000000      7.200000 90. 50.
59290     23.780001    114.239998     79.00   1360.00    250.500000      7.100000 90. 70.
59290     23.780001    114.239998     79.00   1420.00    251.500000      7.500000 90. 50.
59290     23.780001    114.239998     79.00   1480.00    247.899994      8.000000 90. 50.
59290     23.780001    114.239998     79.00   1540.00    245.800003      8.400000 90.  0.
59290     23.780001    114.239998     79.00   1600.00    247.800003      8.900000 90. 50.
59290     23.780001    114.239998     79.00   1660.00    247.399994      9.400000 90.  0.
59290     23.780001    114.239998     79.00   1720.00    249.199997      9.400000 90.  0.
59290     23.780001    114.239998     79.00   1780.00    251.300003      9.500000 90.  0.
59290     23.780001    114.239998     79.00   1840.00    252.000000      8.300000 90.  0.
59290     23.780001    114.239998     79.00   2020.00    253.500000      9.100000 90.  0.
59290     23.780001    114.239998     79.00   2140.00    255.300003      9.700000 90.  0.
59290     23.780001    114.239998     79.00    990.00    249.100006      4.700000 90. 70.
59290     23.780001    114.239998     79.00   1110.00    249.199997      4.800000 90. 70.
59290     23.780001    114.239998     79.00   1230.00    250.500000      5.600000 90. 90.
59290     23.780001    114.239998     79.00   1350.00    248.800003      6.000000 90. 90.
59290     23.780001    114.239998     79.00   1470.00    250.100006      6.200000 90. 90.
59290     23.780001    114.239998     79.00   1590.00    250.199997      6.200000 90. 90.
59290     23.780001    114.239998     79.00   1710.00    247.800003      6.600000 90. 90.
59290     23.780001    114.239998     79.00   1830.00    248.500000      7.100000 90. 90.
59290     23.780001    114.239998     79.00   1950.00    249.199997      7.400000 90. 50.
59290     23.780001    114.239998     79.00   2070.00    246.800003      7.600000 90. 70.
59290     23.780001    114.239998     79.00   2190.00    245.100006      7.700000 90. 90.
59290     23.780001    114.239998     79.00   2310.00    244.000000      8.200000 90. 90.
59290     23.780001    114.239998     79.00   2430.00    242.100006      8.200000 90. 50.
59290     23.780001    114.239998     79.00   2550.00    240.699997      8.700000 90. 70.
59290     23.780001    114.239998     79.00   2670.00    240.399994      8.800000 90. 50.
59290     23.780001    114.239998     79.00   2790.00    241.000000      8.800000 90. 50.
59290     23.780001    114.239998     79.00   2910.00    239.800003      9.400000 90.  0.
59290     23.780001    114.239998     79.00   3030.00    246.600006      9.500000 90.  0.
59290     23.780001    114.239998     79.00   3150.00    247.100006     10.100000 90.  0.
59290     23.780001    114.239998     79.00   3270.00    250.699997     10.400000 90.  0.
59290     23.780001    114.239998     79.00   3390.00    250.199997     10.200000 90. 50.
59290     23.780001    114.239998     79.00   3510.00    250.600006     10.900000 90.  0.
59290     23.780001    114.239998     79.00   3630.00    249.300003     10.400000 90.  0.
59290     23.780001    114.239998     79.00   3750.00    250.000000     10.300000 90.  0.
