59294     23.330000    113.820000     30.00    100.00    174.500000      1.600000 90. 70.
59294     23.330000    113.820000     30.00    160.00    178.199997      1.900000 90. 90.
59294     23.330000    113.820000     30.00    220.00    168.500000      2.200000 90. 90.
59294     23.330000    113.820000     30.00    280.00    171.300003      3.000000 90. 50.
59294     23.330000    113.820000     30.00    340.00    176.300003      3.600000 90. 90.
59294     23.330000    113.820000     30.00    400.00    178.500000      3.500000 90. 50.
59294     23.330000    113.820000     30.00    460.00    186.600006      3.500000 90. 70.
59294     23.330000    113.820000     30.00    520.00    189.500000      3.700000 90. 50.
59294     23.330000    113.820000     30.00    580.00    191.399994      3.800000 90. 50.
59294     23.330000    113.820000     30.00    640.00    196.000000      3.900000 90. 50.
59294     23.330000    113.820000     30.00    700.00    204.300003      3.900000 90. 50.
59294     23.330000    113.820000     30.00    760.00    204.000000      4.200000 90. 50.
59294     23.330000    113.820000     30.00    820.00    207.000000      4.800000 90. 50.
59294     23.330000    113.820000     30.00    880.00    208.399994      5.300000 90.  0.
59294     23.330000    113.820000     30.00    940.00    210.300003      5.200000 90. 50.
59294     23.330000    113.820000     30.00   1000.00    211.000000      5.000000 90.  0.
59294     23.330000    113.820000     30.00   1060.00    213.000000      5.300000 90.  0.
59294     23.330000    113.820000     30.00   1120.00    211.000000      5.200000 90.  0.
59294     23.330000    113.820000     30.00   1180.00    210.500000      5.900000 90.  0.
59294     23.330000    113.820000     30.00   1240.00    213.000000      6.200000 90.  0.
59294     23.330000    113.820000     30.00   1300.00    211.399994      6.700000 90.  0.
59294     23.330000    113.820000     30.00   1360.00    215.600006      6.700000 90.  0.
59294     23.330000    113.820000     30.00   1420.00    215.399994      7.100000 90.  0.
59294     23.330000    113.820000     30.00   1480.00    214.399994      7.300000 90.  0.
59294     23.330000    113.820000     30.00   1540.00    215.800003      7.200000 90.  0.
59294     23.330000    113.820000     30.00   1600.00    215.600006      8.100000 90.  0.
59294     23.330000    113.820000     30.00   1660.00    211.600006      8.000000 90.  0.
59294     23.330000    113.820000     30.00   1720.00    218.899994      8.500000 90.  0.
59294     23.330000    113.820000     30.00   1050.00    205.899994      5.900000 90. 50.
59294     23.330000    113.820000     30.00   1110.00    206.600006      5.900000 90. 50.
59294     23.330000    113.820000     30.00   1170.00    209.800003      6.100000 90. 50.
59294     23.330000    113.820000     30.00   1230.00    209.399994      6.400000 90. 50.
59294     23.330000    113.820000     30.00   1290.00    209.500000      6.600000 90. 50.
59294     23.330000    113.820000     30.00   1350.00    211.300003      6.800000 90. 50.
59294     23.330000    113.820000     30.00   1410.00    211.800003      7.000000 90.  0.
59294     23.330000    113.820000     30.00   1470.00    211.600006      7.500000 90.  0.
59294     23.330000    113.820000     30.00   1530.00    211.500000      7.400000 90.  0.
59294     23.330000    113.820000     30.00   1590.00    214.199997      8.100000 90.  0.
59294     23.330000    113.820000     30.00   1650.00    218.899994      8.200000 90.  0.
59294     23.330000    113.820000     30.00   1710.00    216.699997      8.400000 90.  0.
59294     23.330000    113.820000     30.00   1770.00    213.699997      8.600000 90.  0.
59294     23.330000    113.820000     30.00   1830.00    217.000000      8.500000 90.  0.
59294     23.330000    113.820000     30.00   1890.00    212.300003      8.100000 90. 50.
59294     23.330000    113.820000     30.00   1950.00    214.300003      8.300000 90.  0.
59294     23.330000    113.820000     30.00   2010.00    214.000000      8.900000 90.  0.
59294     23.330000    113.820000     30.00   2070.00    216.199997      8.800000 90.  0.
