59303     23.910000    115.750000    133.00    270.00    209.000000      4.900000 90. 90.
59303     23.910000    115.750000    133.00    390.00    212.399994      5.500000 90. 70.
59303     23.910000    115.750000    133.00    510.00    221.100006      6.900000 90.  0.
59303     23.910000    115.750000    133.00    630.00    221.000000      6.900000 90. 70.
59303     23.910000    115.750000    133.00    750.00    224.899994      5.900000 90. 90.
59303     23.910000    115.750000    133.00    870.00    221.300003      5.500000 90. 90.
59303     23.910000    115.750000    133.00    990.00    223.899994      6.300000 90. 90.
59303     23.910000    115.750000    133.00   1110.00    216.899994      6.200000 90. 90.
59303     23.910000    115.750000    133.00   1230.00    219.300003      6.200000 90. 90.
59303     23.910000    115.750000    133.00   1350.00    219.000000      6.100000 90. 90.
59303     23.910000    115.750000    133.00   1470.00    220.899994      6.000000 90. 90.
59303     23.910000    115.750000    133.00   1590.00    217.399994      6.300000 90. 90.
59303     23.910000    115.750000    133.00   1710.00    219.000000      6.800000 90. 90.
59303     23.910000    115.750000    133.00   1830.00    218.899994      7.300000 90. 90.
59303     23.910000    115.750000    133.00   1950.00    217.800003      7.600000 90. 90.
59303     23.910000    115.750000    133.00   2070.00    219.899994      7.900000 90. 90.
59303     23.910000    115.750000    133.00   2190.00    221.500000      7.900000 90. 90.
59303     23.910000    115.750000    133.00   2310.00    219.800003      8.500000 90. 90.
59303     23.910000    115.750000    133.00   2430.00    215.699997      8.600000 90. 90.
59303     23.910000    115.750000    133.00   2550.00    216.800003      9.100000 90. 90.
59303     23.910000    115.750000    133.00   2670.00    214.100006      9.500000 90. 70.
59303     23.910000    115.750000    133.00   2790.00    215.399994     10.000000 90. 70.
59303     23.910000    115.750000    133.00   2910.00    213.399994     11.200000 90. 50.
59303     23.910000    115.750000    133.00   3030.00    210.399994     10.700000 90. 90.
59303     23.910000    115.750000    133.00   3150.00    215.500000     10.600000 90. 90.
59303     23.910000    115.750000    133.00   3270.00    217.300003     10.500000 90.  0.
59303     23.910000    115.750000    133.00   3390.00    208.100006     10.400000 90. 50.
59303     23.910000    115.750000    133.00   2190.00    218.100006      7.600000 90. 90.
59303     23.910000    115.750000    133.00   2430.00    220.899994      8.000000 90. 90.
59303     23.910000    115.750000    133.00   2670.00    216.100006      8.600000 90. 90.
59303     23.910000    115.750000    133.00   2910.00    215.500000      9.500000 90. 90.
59303     23.910000    115.750000    133.00   3150.00    216.600006     10.400000 90. 90.
59303     23.910000    115.750000    133.00   3390.00    214.300003     10.200000 90. 90.
59303     23.910000    115.750000    133.00   3630.00    216.199997     10.400000 90. 90.
59303     23.910000    115.750000    133.00   3870.00    212.399994     10.900000 90. 70.
59303     23.910000    115.750000    133.00   4110.00    209.000000     11.300000 90. 50.
59303     23.910000    115.750000    133.00   4350.00    212.699997     10.700000 90. 50.
59303     23.910000    115.750000    133.00   4590.00    216.000000      9.700000 90. 90.
59303     23.910000    115.750000    133.00   4830.00    218.899994     10.400000 90. 90.
59303     23.910000    115.750000    133.00   5070.00    217.100006     10.200000 90. 90.
59303     23.910000    115.750000    133.00   5310.00    214.399994     10.400000 90. 50.
59303     23.910000    115.750000    133.00   5550.00    218.300003      9.300000 90. 50.
59303     23.910000    115.750000    133.00   5790.00    220.899994      9.700000 90. 50.
59303     23.910000    115.750000    133.00   6030.00    222.699997      9.500000 90. 50.
