59312     23.660000    116.690002     59.00    100.00    301.700012      2.300000 90.  0.
59312     23.660000    116.690002     59.00    160.00    300.700012      2.200000 90.  0.
59312     23.660000    116.690002     59.00    220.00    295.799988      2.000000 90. 50.
59312     23.660000    116.690002     59.00    280.00    300.399994      2.100000 90. 90.
59312     23.660000    116.690002     59.00    340.00    283.700012      2.300000 90. 90.
59312     23.660000    116.690002     59.00    400.00    268.899994      2.700000 90. 70.
59312     23.660000    116.690002     59.00    460.00    258.399994      3.500000 90. 90.
59312     23.660000    116.690002     59.00    520.00    252.100006      3.700000 90. 90.
59312     23.660000    116.690002     59.00    580.00    243.500000      3.800000 90. 70.
59312     23.660000    116.690002     59.00    640.00    237.500000      4.000000 90. 50.
59312     23.660000    116.690002     59.00    700.00    230.899994      4.500000 90. 50.
59312     23.660000    116.690002     59.00    760.00    224.300003      5.100000 90. 50.
59312     23.660000    116.690002     59.00    820.00    220.600006      5.200000 90. 50.
59312     23.660000    116.690002     59.00    880.00    215.500000      5.400000 90. 50.
59312     23.660000    116.690002     59.00    940.00    207.800003      5.700000 90. 70.
59312     23.660000    116.690002     59.00   1000.00    208.100006      5.600000 90. 50.
59312     23.660000    116.690002     59.00   1060.00    205.300003      5.200000 90. 50.
59312     23.660000    116.690002     59.00   1120.00    209.899994      4.900000 90.  0.
59312     23.660000    116.690002     59.00   1180.00    210.100006      5.200000 90.  0.
59312     23.660000    116.690002     59.00   1240.00    207.600006      5.600000 90.  0.
59312     23.660000    116.690002     59.00   1300.00    210.899994      5.200000 90.  0.
59312     23.660000    116.690002     59.00   1360.00    210.600006      4.700000 90.  0.
59312     23.660000    116.690002     59.00   1420.00    217.399994      3.900000 90.  0.
59312     23.660000    116.690002     59.00   1600.00    224.500000      4.800000 90. 50.
59312     23.660000    116.690002     59.00   1050.00    211.100006      4.500000 90.  0.
59312     23.660000    116.690002     59.00   1110.00    210.600006      3.700000 90.  0.
59312     23.660000    116.690002     59.00   1170.00    209.800003      3.400000 90. 50.
59312     23.660000    116.690002     59.00   1230.00    215.199997      4.500000 90.  0.
59312     23.660000    116.690002     59.00   1290.00    215.399994      4.200000 90. 50.
59312     23.660000    116.690002     59.00   1350.00    222.300003      4.500000 90.  0.
59312     23.660000    116.690002     59.00   1410.00    237.000000      3.600000 90. 50.
59312     23.660000    116.690002     59.00   1470.00    221.199997      4.600000 90. 50.
59312     23.660000    116.690002     59.00   1530.00    217.300003      4.700000 90.  0.
59312     23.660000    116.690002     59.00   1590.00    216.399994      4.900000 90. 50.
59312     23.660000    116.690002     59.00   1650.00    215.100006      4.700000 90.  0.
59312     23.660000    116.690002     59.00   1710.00    209.399994      4.200000 90.  0.
59312     23.660000    116.690002     59.00   1770.00    216.500000      3.500000 90.  0.
59312     23.660000    116.690002     59.00   1830.00    216.899994      3.400000 90. 50.
59312     23.660000    116.690002     59.00   1890.00    204.199997      4.300000 90. 50.
59312     23.660000    116.690002     59.00   1950.00    211.100006      3.800000 90. 70.
59312     23.660000    116.690002     59.00   2010.00    209.699997      5.000000 90. 50.
59312     23.660000    116.690002     59.00   2070.00    215.399994      4.900000 90. 50.
59312     23.660000    116.690002     59.00   2130.00    219.800003      4.500000 90.  0.
59312     23.660000    116.690002     59.00   2190.00    223.600006      4.400000 90.  0.
59312     23.660000    116.690002     59.00   2250.00    219.699997      4.100000 90.  0.
59312     23.660000    116.690002     59.00   2310.00    222.500000      3.800000 90.  0.
59312     23.660000    116.690002     59.00   2370.00    222.300003      4.300000 90.  0.
59312     23.660000    116.690002     59.00   2430.00    219.300003      4.100000 90.  0.
59312     23.660000    116.690002     59.00   2490.00    216.699997      3.800000 90.  0.
59312     23.660000    116.690002     59.00   2550.00    220.300003      3.100000 90.  0.
