59462     22.700001    111.589996     53.00    100.00    152.699997      0.600000 90. 90.
59462     22.700001    111.589996     53.00    160.00    115.900002      0.700000 90. 90.
59462     22.700001    111.589996     53.00    220.00    104.800003      0.400000 90. 90.
59462     22.700001    111.589996     53.00    280.00    153.800003      0.600000 90. 90.
59462     22.700001    111.589996     53.00    340.00    140.199997      1.400000 90. 90.
59462     22.700001    111.589996     53.00    400.00    141.300003      1.400000 90. 90.
59462     22.700001    111.589996     53.00    460.00    164.000000      2.200000 90. 70.
59462     22.700001    111.589996     53.00    520.00    168.399994      1.100000 90. 90.
59462     22.700001    111.589996     53.00    580.00    178.399994      2.800000 90. 90.
59462     22.700001    111.589996     53.00    640.00    204.300003      2.200000 90. 70.
59462     22.700001    111.589996     53.00    760.00    217.100006      2.800000 90. 50.
59462     22.700001    111.589996     53.00    820.00    212.699997      2.700000 90.  0.
59462     22.700001    111.589996     53.00    880.00    208.100006      3.000000 90. 50.
59462     22.700001    111.589996     53.00    940.00    209.899994      4.100000 90.  0.
59462     22.700001    111.589996     53.00   1060.00    191.800003      7.100000 90.  0.
59462     22.700001    111.589996     53.00   1360.00    214.199997      5.500000 90. 50.
59462     22.700001    111.589996     53.00   1050.00    201.699997      9.800000 90. 50.
59462     22.700001    111.589996     53.00   1110.00    202.300003      9.000000 90. 50.
59462     22.700001    111.589996     53.00   1170.00    202.800003      9.400000 90. 70.
59462     22.700001    111.589996     53.00   1230.00    202.000000      8.900000 90. 70.
59462     22.700001    111.589996     53.00   1290.00    202.399994      8.900000 90. 70.
59462     22.700001    111.589996     53.00   1350.00    207.300003      8.600000 90. 90.
59462     22.700001    111.589996     53.00   1410.00    207.899994      8.800000 90. 70.
59462     22.700001    111.589996     53.00   1470.00    209.199997      8.400000 90. 70.
59462     22.700001    111.589996     53.00   1530.00    206.600006      8.300000 90. 70.
59462     22.700001    111.589996     53.00   1590.00    206.399994      8.200000 90. 50.
59462     22.700001    111.589996     53.00   1650.00    207.100006      8.500000 90. 50.
59462     22.700001    111.589996     53.00   1710.00    206.699997      8.100000 90.  0.
59462     22.700001    111.589996     53.00   1770.00    209.000000      7.800000 90.  0.
59462     22.700001    111.589996     53.00   1830.00    211.699997      8.500000 90.  0.
59462     22.700001    111.589996     53.00   1950.00    210.800003      7.600000 90.  0.
59462     22.700001    111.589996     53.00   2010.00    217.100006      6.400000 90.  0.
