59476     22.530001    113.029999     37.00    100.00    172.699997      0.500000 90. 70.
59476     22.530001    113.029999     37.00    160.00    138.899994      1.300000 90. 90.
59476     22.530001    113.029999     37.00    220.00    136.399994      1.300000 90. 90.
59476     22.530001    113.029999     37.00    280.00    162.500000      0.500000 90. 90.
59476     22.530001    113.029999     37.00    340.00    187.300003      0.600000 90. 90.
59476     22.530001    113.029999     37.00    400.00    199.500000      1.200000 90. 90.
59476     22.530001    113.029999     37.00    460.00    209.100006      1.100000 90. 90.
59476     22.530001    113.029999     37.00    520.00    207.000000      1.400000 90. 90.
59476     22.530001    113.029999     37.00    580.00    209.000000      2.100000 90. 90.
59476     22.530001    113.029999     37.00    640.00    204.399994      2.000000 90. 90.
59476     22.530001    113.029999     37.00    700.00    207.899994      1.900000 90. 90.
59476     22.530001    113.029999     37.00    760.00    259.899994      0.700000 90. 90.
59476     22.530001    113.029999     37.00    820.00    251.300003      1.200000 90. 90.
59476     22.530001    113.029999     37.00    880.00    239.399994      2.100000 90. 90.
59476     22.530001    113.029999     37.00    940.00    282.000000      2.500000 90. 90.
59476     22.530001    113.029999     37.00   1000.00    268.100006      2.100000 90. 70.
59476     22.530001    113.029999     37.00   1060.00    316.799988      4.100000 90. 90.
59476     22.530001    113.029999     37.00   1120.00    324.799988      4.800000 90. 70.
59476     22.530001    113.029999     37.00   1180.00    338.399994      5.600000 90. 70.
59476     22.530001    113.029999     37.00   1240.00    333.000000      5.800000 90. 70.
59476     22.530001    113.029999     37.00   1300.00    330.899994      6.300000 90. 70.
59476     22.530001    113.029999     37.00   1360.00    334.899994      8.200000 90. 90.
59476     22.530001    113.029999     37.00   1420.00    329.000000      6.800000 90. 50.
59476     22.530001    113.029999     37.00   1480.00    333.799988      7.600000 90. 50.
59476     22.530001    113.029999     37.00   1540.00    337.500000      8.700000 90.  0.
59476     22.530001    113.029999     37.00   1600.00    332.000000      7.600000 90. 50.
59476     22.530001    113.029999     37.00   1660.00    332.399994      6.600000 90.  0.
59476     22.530001    113.029999     37.00   1050.00    330.100006      5.200000 90. 90.
59476     22.530001    113.029999     37.00   1110.00    333.399994      5.700000 90. 90.
59476     22.530001    113.029999     37.00   1170.00    331.700012      6.100000 90. 90.
59476     22.530001    113.029999     37.00   1230.00    333.399994      6.800000 90. 90.
59476     22.530001    113.029999     37.00   1290.00    207.899994      6.400000 90. 90.
59476     22.530001    113.029999     37.00   1350.00    206.899994      6.800000 90. 90.
59476     22.530001    113.029999     37.00   1410.00    209.199997      6.700000 90. 90.
59476     22.530001    113.029999     37.00   1470.00    208.300003      7.000000 90. 90.
59476     22.530001    113.029999     37.00   1530.00    208.000000      7.000000 90. 70.
59476     22.530001    113.029999     37.00   1590.00    206.899994      6.400000 90. 70.
59476     22.530001    113.029999     37.00   1770.00    337.299988      8.300000 90. 70.
59476     22.530001    113.029999     37.00   1830.00    337.200012      8.400000 90. 50.
59476     22.530001    113.029999     37.00   1890.00    336.899994      7.800000 90. 50.
59476     22.530001    113.029999     37.00   1950.00    336.399994      7.900000 90. 50.
59476     22.530001    113.029999     37.00   2010.00    336.600006      7.300000 90.  0.
59476     22.530001    113.029999     37.00   2070.00    334.700012      8.400000 90.  0.
59476     22.530001    113.029999     37.00   2190.00    336.700012      8.400000 90.  0.
