59486     22.680000    114.209999     75.00    139.00      0.000000      0.100000 90. 90.
59486     22.680000    114.209999     75.00    199.00    180.000000      0.300000 90. 90.
59486     22.680000    114.209999     75.00    260.00    180.000000      0.100000 90. 90.
59486     22.680000    114.209999     75.00    320.00      0.000000      0.100000 90. 90.
59486     22.680000    114.209999     75.00    380.00      0.000000      0.200000 90. 90.
59486     22.680000    114.209999     75.00    440.00      0.000000      0.500000 90. 90.
59486     22.680000    114.209999     75.00    501.00      0.000000      1.000000 90. 90.
59486     22.680000    114.209999     75.00    561.00      0.000000      1.700000 90. 90.
59486     22.680000    114.209999     75.00    621.00      0.000000      2.200000 90. 90.
59486     22.680000    114.209999     75.00    681.00      0.000000      2.400000 90. 90.
59486     22.680000    114.209999     75.00    742.00      0.000000      2.400000 90. 90.
59486     22.680000    114.209999     75.00    802.00      0.000000      2.700000 90. 90.
59486     22.680000    114.209999     75.00    862.00      0.000000      3.000000 90. 90.
59486     22.680000    114.209999     75.00    922.00      0.000000      3.300000 90. 90.
59486     22.680000    114.209999     75.00    983.00      0.000000      3.400000 90. 90.
59486     22.680000    114.209999     75.00   1043.00      0.000000      3.300000 90. 90.
59486     22.680000    114.209999     75.00   1103.00      0.000000      3.300000 90. 90.
59486     22.680000    114.209999     75.00   1163.00      0.000000      3.400000 90. 90.
59486     22.680000    114.209999     75.00   1224.00      0.000000      3.400000 90. 90.
59486     22.680000    114.209999     75.00   1284.00      0.000000      3.300000 90. 90.
59486     22.680000    114.209999     75.00   1344.00      0.000000      3.500000 90. 90.
59486     22.680000    114.209999     75.00   1404.00      0.000000      3.600000 90. 90.
59486     22.680000    114.209999     75.00   1465.00      0.000000      3.800000 90. 90.
59486     22.680000    114.209999     75.00   1525.00      0.000000      3.900000 90. 90.
59486     22.680000    114.209999     75.00    333.00      0.000000      0.200000 90. 90.
59486     22.680000    114.209999     75.00    429.00      0.000000      0.000000 90. 90.
59486     22.680000    114.209999     75.00    525.00    180.000000      0.200000 90. 90.
59486     22.680000    114.209999     75.00    622.00    180.000000      0.600000 90. 90.
59486     22.680000    114.209999     75.00    718.00    180.000000      1.100000 90. 90.
59486     22.680000    114.209999     75.00    815.00    180.000000      1.500000 90. 90.
59486     22.680000    114.209999     75.00    911.00    180.000000      1.800000 90. 90.
59486     22.680000    114.209999     75.00   1007.00    180.000000      1.800000 90. 90.
59486     22.680000    114.209999     75.00   1104.00    180.000000      1.900000 90. 90.
59486     22.680000    114.209999     75.00   1200.00    180.000000      2.000000 90. 90.
59486     22.680000    114.209999     75.00   1297.00    180.000000      2.300000 90. 90.
59486     22.680000    114.209999     75.00   1393.00    180.000000      2.300000 90. 90.
59486     22.680000    114.209999     75.00   1489.00    180.000000      2.400000 90. 90.
59486     22.680000    114.209999     75.00   1586.00    180.000000      2.400000 90. 90.
59486     22.680000    114.209999     75.00   1682.00    180.000000      2.300000 90. 90.
59486     22.680000    114.209999     75.00   1779.00    180.000000      2.300000 90. 90.
59486     22.680000    114.209999     75.00   1875.00    180.000000      2.400000 90. 90.
59486     22.680000    114.209999     75.00   1972.00    180.000000      2.700000 90. 90.
59486     22.680000    114.209999     75.00   2068.00    180.000000      2.800000 90. 90.
59486     22.680000    114.209999     75.00   2164.00    180.000000      2.900000 90. 90.
59486     22.680000    114.209999     75.00   2261.00    180.000000      3.100000 90. 90.
59486     22.680000    114.209999     75.00   2357.00    180.000000      3.200000 90. 90.
59486     22.680000    114.209999     75.00   2454.00    180.000000      3.300000 90. 70.
59486     22.680000    114.209999     75.00   2550.00    180.000000      3.600000 90. 70.
59486     22.680000    114.209999     75.00   2646.00    180.000000      3.900000 90. 50.
