59488     22.070000    113.199997     30.00    100.00    209.800003      0.700000 90. 90.
59488     22.070000    113.199997     30.00    160.00    195.399994      0.900000 90. 90.
59488     22.070000    113.199997     30.00    220.00    213.699997      1.600000 90. 90.
59488     22.070000    113.199997     30.00    280.00    203.399994      1.500000 90. 90.
59488     22.070000    113.199997     30.00    340.00    181.300003      2.200000 90. 90.
59488     22.070000    113.199997     30.00    400.00    193.399994      1.500000 90. 90.
59488     22.070000    113.199997     30.00    460.00    206.399994      2.000000 90. 90.
59488     22.070000    113.199997     30.00    520.00    199.500000      2.800000 90. 90.
59488     22.070000    113.199997     30.00    580.00    202.199997      3.200000 90. 90.
59488     22.070000    113.199997     30.00    640.00    202.500000      3.300000 90. 90.
59488     22.070000    113.199997     30.00    700.00    203.699997      3.700000 90. 90.
59488     22.070000    113.199997     30.00    760.00    203.399994      4.000000 90. 90.
59488     22.070000    113.199997     30.00    820.00    197.500000      4.300000 90. 90.
59488     22.070000    113.199997     30.00    880.00    197.199997      4.900000 90. 90.
59488     22.070000    113.199997     30.00    940.00    199.100006      5.100000 90. 90.
59488     22.070000    113.199997     30.00   1000.00    199.000000      5.400000 90. 90.
59488     22.070000    113.199997     30.00   1060.00    204.000000      5.400000 90. 90.
59488     22.070000    113.199997     30.00   1120.00    201.100006      5.700000 90. 90.
59488     22.070000    113.199997     30.00   1180.00    209.399994      5.200000 90. 90.
59488     22.070000    113.199997     30.00   1240.00    212.300003      5.400000 90. 90.
59488     22.070000    113.199997     30.00   1300.00    211.100006      5.700000 90. 70.
59488     22.070000    113.199997     30.00   1360.00    210.100006      5.900000 90. 90.
59488     22.070000    113.199997     30.00   1420.00    203.899994      6.200000 90. 70.
59488     22.070000    113.199997     30.00   1480.00    204.100006      6.000000 90. 70.
59488     22.070000    113.199997     30.00   1540.00    199.399994      6.700000 90. 70.
59488     22.070000    113.199997     30.00   1600.00    207.000000      6.200000 90. 50.
59488     22.070000    113.199997     30.00   1660.00    201.000000      5.400000 90. 50.
59488     22.070000    113.199997     30.00   1720.00    201.800003      6.400000 90.  0.
59488     22.070000    113.199997     30.00   1780.00    204.100006      5.200000 90. 50.
59488     22.070000    113.199997     30.00   1840.00    199.300003      5.200000 90.  0.
59488     22.070000    113.199997     30.00   1900.00    201.800003      5.800000 90.  0.
59488     22.070000    113.199997     30.00   1960.00    208.300003      5.300000 90.  0.
59488     22.070000    113.199997     30.00   2140.00    202.699997      9.600000 90.  0.
59488     22.070000    113.199997     30.00   2200.00    212.399994     11.700000 90.  0.
59488     22.070000    113.199997     30.00   2260.00    206.699997     11.600000 90. 50.
59488     22.070000    113.199997     30.00   2320.00    208.199997      8.000000 90.  0.
59488     22.070000    113.199997     30.00   2560.00    214.399994      8.800000 90.  0.
59488     22.070000    113.199997     30.00   1050.00    201.800003      5.400000 90. 90.
59488     22.070000    113.199997     30.00   1110.00    205.100006      5.600000 90. 90.
59488     22.070000    113.199997     30.00   1170.00    201.699997      5.800000 90. 90.
59488     22.070000    113.199997     30.00   1230.00    202.899994      5.600000 90. 90.
59488     22.070000    113.199997     30.00   1290.00    204.199997      5.600000 90. 90.
59488     22.070000    113.199997     30.00   1350.00    197.000000      6.100000 90. 90.
59488     22.070000    113.199997     30.00   1410.00    199.500000      6.800000 90. 70.
59488     22.070000    113.199997     30.00   1470.00    197.300003      6.900000 90. 70.
59488     22.070000    113.199997     30.00   1530.00    208.000000      6.400000 90. 90.
59488     22.070000    113.199997     30.00   1590.00    199.000000      6.700000 90. 50.
59488     22.070000    113.199997     30.00   1650.00    199.600006      6.600000 90.  0.
59488     22.070000    113.199997     30.00   1710.00    197.000000      6.400000 90. 50.
59488     22.070000    113.199997     30.00   1770.00    200.800003      6.400000 90. 50.
59488     22.070000    113.199997     30.00   1830.00    200.199997      6.500000 90.  0.
59488     22.070000    113.199997     30.00   1890.00    208.500000      5.900000 90. 50.
59488     22.070000    113.199997     30.00   1950.00    204.000000      6.000000 90. 50.
59488     22.070000    113.199997     30.00   2010.00    200.399994      7.100000 90. 50.
59488     22.070000    113.199997     30.00   2070.00    205.800003      6.900000 90. 50.
59488     22.070000    113.199997     30.00   2130.00    220.699997      6.800000 90.  0.
59488     22.070000    113.199997     30.00   2190.00    201.600006      7.500000 90.  0.
59488     22.070000    113.199997     30.00   2250.00    204.199997      8.100000 90.  0.
59488     22.070000    113.199997     30.00   2370.00    204.699997      7.700000 90.  0.
59488     22.070000    113.199997     30.00   2430.00    206.699997      7.800000 90.  0.
59488     22.070000    113.199997     30.00   2490.00    199.300003      8.400000 90.  0.
59488     22.070000    113.199997     30.00   2550.00    201.000000      9.200000 90. 50.
59488     22.070000    113.199997     30.00   2610.00    199.300003      8.500000 90.  0.
59488     22.070000    113.199997     30.00   2730.00    206.699997      8.200000 90.  0.
