59758     20.000000    110.150002     65.00    150.00    222.199997      5.000000 90. 70.
59758     20.000000    110.150002     65.00    270.00    231.500000      6.000000 90. 90.
59758     20.000000    110.150002     65.00    390.00    228.800003      6.900000 90. 90.
59758     20.000000    110.150002     65.00    510.00    230.000000      7.400000 90. 90.
59758     20.000000    110.150002     65.00    630.00    231.899994      7.900000 90. 90.
59758     20.000000    110.150002     65.00    750.00    230.699997      8.000000 90. 90.
59758     20.000000    110.150002     65.00    870.00    234.000000      7.400000 90. 90.
59758     20.000000    110.150002     65.00    990.00    233.500000      6.800000 90. 90.
59758     20.000000    110.150002     65.00   1110.00    231.100006      6.500000 90. 90.
59758     20.000000    110.150002     65.00   1230.00    231.399994      6.200000 90. 70.
59758     20.000000    110.150002     65.00   1350.00    224.600006      4.900000 90. 70.
59758     20.000000    110.150002     65.00   1470.00    229.000000      4.300000 90. 90.
59758     20.000000    110.150002     65.00   1590.00    229.100006      2.300000 90. 90.
59758     20.000000    110.150002     65.00   1710.00    205.199997      2.400000 70. 70.
59758     20.000000    110.150002     65.00   1830.00    206.699997      1.300000 70. 50.
59758     20.000000    110.150002     65.00    150.00    231.000000      6.600000 90. 90.
59758     20.000000    110.150002     65.00    390.00    231.399994      6.600000 90. 90.
59758     20.000000    110.150002     65.00    630.00    232.300003      6.700000 90. 90.
59758     20.000000    110.150002     65.00    870.00    232.500000      6.600000 90. 90.
59758     20.000000    110.150002     65.00   1110.00    231.800003      6.200000 90. 90.
59758     20.000000    110.150002     65.00   1350.00    227.100006      4.700000 90. 70.
59758     20.000000    110.150002     65.00   1590.00    233.899994      3.600000 90. 70.
59758     20.000000    110.150002     65.00   1830.00    217.300003      2.700000 90. 50.
59758     20.000000    110.150002     65.00   2070.00    244.300003      4.200000 70. 50.
59758     20.000000    110.150002     65.00    150.00    232.600006      7.400000 90. 90.
59758     20.000000    110.150002     65.00    390.00    235.399994      7.600000 90. 90.
59758     20.000000    110.150002     65.00    630.00    232.399994      7.400000 90. 90.
59758     20.000000    110.150002     65.00    870.00    231.800003      7.100000 90. 90.
59758     20.000000    110.150002     65.00   1110.00    234.000000      6.400000 90. 90.
59758     20.000000    110.150002     65.00   1350.00    235.600006      5.700000 90. 90.
59758     20.000000    110.150002     65.00   1590.00    238.800003      4.400000 90. 90.
59758     20.000000    110.150002     65.00   1830.00    232.500000      3.400000 90. 70.
59758     20.000000    110.150002     65.00   2070.00    233.100006      2.800000 90. 70.
59758     20.000000    110.150002     65.00   2310.00    232.600006      2.900000 90. 70.
59758     20.000000    110.150002     65.00   2550.00    221.199997      2.600000 90. 90.
59758     20.000000    110.150002     65.00   2790.00    225.199997      2.400000 90. 70.
59758     20.000000    110.150002     65.00   3030.00    247.399994      2.700000 70. 70.
59758     20.000000    110.150002     65.00   3270.00    250.100006      1.200000 70. 70.
59758     20.000000    110.150002     65.00   3750.00    233.600006      3.300000 50. 70.
59758     20.000000    110.150002     65.00   4710.00    332.200012      2.600000 70. 50.
