59948     18.226400    109.587502    368.20    100.00    103.199997      4.000000 90. 50.
59948     18.226400    109.587502    368.20    160.00     91.500000      3.700000 90. 70.
59948     18.226400    109.587502    368.20    220.00    113.599998      4.500000 90. 70.
59948     18.226400    109.587502    368.20    280.00     96.599998      4.700000 90. 70.
59948     18.226400    109.587502    368.20    400.00    119.599998      4.400000 90. 70.
59948     18.226400    109.587502    368.20    700.00    123.699997      3.600000 70. 70.
59948     18.226400    109.587502    368.20    760.00    110.000000      3.000000 90. 70.
59948     18.226400    109.587502    368.20    820.00    104.699997      5.800000 90. 70.
59948     18.226400    109.587502    368.20    880.00    101.300003      5.600000 90. 70.
59948     18.226400    109.587502    368.20   1000.00    101.400002      3.800000 90. 70.
59948     18.226400    109.587502    368.20   1120.00    121.400002      4.000000 90. 70.
59948     18.226400    109.587502    368.20   1180.00    117.099998      4.400000 90. 70.
59948     18.226400    109.587502    368.20   1240.00    117.500000      4.900000 90. 70.
59948     18.226400    109.587502    368.20   1300.00    121.500000      5.300000 90. 70.
59948     18.226400    109.587502    368.20   1360.00    122.900002      5.400000 90. 70.
59948     18.226400    109.587502    368.20   1420.00    120.500000      5.900000 70. 70.
59948     18.226400    109.587502    368.20   1480.00    121.699997      5.600000 90. 50.
59948     18.226400    109.587502    368.20   1540.00    133.000000      5.100000 90. 70.
59948     18.226400    109.587502    368.20   1600.00    136.399994      5.200000 90. 70.
59948     18.226400    109.587502    368.20   1660.00    134.800003      4.600000 90. 70.
59948     18.226400    109.587502    368.20   1720.00    138.600006      4.300000 90. 70.
59948     18.226400    109.587502    368.20   1780.00    134.300003      4.500000 90. 70.
59948     18.226400    109.587502    368.20   1840.00    136.899994      4.600000 90. 70.
59948     18.226400    109.587502    368.20   1900.00    132.899994      4.400000 90. 70.
59948     18.226400    109.587502    368.20   1960.00    134.300003      4.000000 90. 70.
59948     18.226400    109.587502    368.20   2020.00    138.800003      3.700000 90. 70.
59948     18.226400    109.587502    368.20   2080.00    138.300003      3.900000 90. 50.
59948     18.226400    109.587502    368.20   2140.00    143.399994      3.900000 90. 50.
59948     18.226400    109.587502    368.20   2200.00    143.100006      3.700000 90. 70.
59948     18.226400    109.587502    368.20   2260.00    144.199997      3.600000 90. 70.
59948     18.226400    109.587502    368.20   2320.00    150.100006      3.000000 90. 70.
59948     18.226400    109.587502    368.20   2380.00    142.899994      3.100000 90. 90.
59948     18.226400    109.587502    368.20   2440.00    134.100006      3.600000 90. 90.
59948     18.226400    109.587502    368.20   2500.00    126.599998      3.300000 90. 90.
59948     18.226400    109.587502    368.20   2560.00    126.500000      3.700000 90. 90.
59948     18.226400    109.587502    368.20   2620.00    122.199997      3.300000 90. 90.
59948     18.226400    109.587502    368.20   2680.00    114.199997      3.400000 90. 90.
59948     18.226400    109.587502    368.20   2740.00    117.199997      3.900000 70. 50.
59948     18.226400    109.587502    368.20   2800.00     99.099998      4.300000 90. 50.
59948     18.226400    109.587502    368.20   2860.00    104.199997      4.200000 90. 50.
59948     18.226400    109.587502    368.20   2920.00    107.000000      3.700000 90. 50.
59948     18.226400    109.587502    368.20   2980.00     94.699997      3.600000 90. 50.
59948     18.226400    109.587502    368.20    100.00    316.100006      0.800000 90. 90.
59948     18.226400    109.587502    368.20    220.00     49.400002      0.400000 90. 90.
59948     18.226400    109.587502    368.20    340.00     92.099998      1.000000 90. 50.
59948     18.226400    109.587502    368.20    460.00    117.599998      2.200000 90. 70.
59948     18.226400    109.587502    368.20   1180.00    108.199997      2.900000 90. 50.
59948     18.226400    109.587502    368.20   1300.00    111.800003      4.200000 90. 70.
59948     18.226400    109.587502    368.20   1420.00    122.000000      5.000000 90. 70.
59948     18.226400    109.587502    368.20   1540.00    117.500000      5.100000 90. 70.
59948     18.226400    109.587502    368.20   1660.00    121.199997      4.400000 90. 70.
59948     18.226400    109.587502    368.20   1780.00    108.500000      4.700000 90. 90.
59948     18.226400    109.587502    368.20   1900.00    125.099998      4.600000 90. 90.
59948     18.226400    109.587502    368.20   2020.00    137.399994      4.200000 90. 90.
59948     18.226400    109.587502    368.20   2140.00    143.199997      3.900000 90. 90.
59948     18.226400    109.587502    368.20   2260.00    141.899994      3.400000 90. 90.
59948     18.226400    109.587502    368.20   2380.00    139.399994      3.000000 90. 90.
59948     18.226400    109.587502    368.20   2500.00    123.500000      3.100000 90. 90.
59948     18.226400    109.587502    368.20   2620.00    125.400002      3.400000 90. 90.
59948     18.226400    109.587502    368.20   2740.00    113.699997      3.400000 90. 90.
59948     18.226400    109.587502    368.20   2860.00    108.099998      3.600000 90. 90.
59948     18.226400    109.587502    368.20   2980.00     96.800003      3.500000 90. 90.
59948     18.226400    109.587502    368.20   3100.00     87.199997      3.300000 90. 90.
59948     18.226400    109.587502    368.20   3220.00     88.099998      3.200000 90. 90.
59948     18.226400    109.587502    368.20   3340.00     83.500000      3.200000 90. 70.
59948     18.226400    109.587502    368.20   3460.00     90.000000      3.100000 90. 70.
59948     18.226400    109.587502    368.20   3580.00    104.599998      2.800000 90. 70.
59948     18.226400    109.587502    368.20   3700.00    113.500000      3.300000 90. 90.
59948     18.226400    109.587502    368.20   3820.00    130.399994      3.200000 70. 70.
59948     18.226400    109.587502    368.20   3940.00    116.900002      3.300000 50. 70.
59948     18.226400    109.587502    368.20   4060.00    115.800003      2.900000 70. 50.
59948     18.226400    109.587502    368.20   4300.00    128.899994      3.300000 90. 50.
59948     18.226400    109.587502    368.20   5380.00     95.000000      3.600000 70. 50.
59948     18.226400    109.587502    368.20   5620.00     75.300003      4.900000 70. 50.
59948     18.226400    109.587502    368.20    100.00    280.899994      0.900000 90. 90.
59948     18.226400    109.587502    368.20    340.00    186.399994      0.200000 90. 90.
59948     18.226400    109.587502    368.20    580.00    124.300003      1.300000 90. 90.
59948     18.226400    109.587502    368.20    820.00    129.899994      2.400000 90. 70.
59948     18.226400    109.587502    368.20   1060.00    140.100006      3.000000 90. 70.
59948     18.226400    109.587502    368.20   1300.00    127.099998      3.500000 90. 70.
59948     18.226400    109.587502    368.20   1540.00    121.800003      4.500000 90. 70.
59948     18.226400    109.587502    368.20   1780.00    126.500000      4.300000 90. 70.
59948     18.226400    109.587502    368.20   2020.00    119.199997      4.000000 90. 90.
59948     18.226400    109.587502    368.20   2260.00    121.400002      3.500000 90. 90.
59948     18.226400    109.587502    368.20   2500.00    119.699997      3.300000 90. 90.
59948     18.226400    109.587502    368.20   2740.00    116.199997      3.200000 90. 90.
59948     18.226400    109.587502    368.20   2980.00    108.699997      3.000000 90. 90.
59948     18.226400    109.587502    368.20   3220.00     98.199997      3.000000 90. 90.
59948     18.226400    109.587502    368.20   3460.00     90.800003      2.700000 90. 90.
59948     18.226400    109.587502    368.20   3700.00     97.800003      2.400000 90. 90.
59948     18.226400    109.587502    368.20   3940.00    105.699997      3.300000 90. 70.
59948     18.226400    109.587502    368.20   4180.00    123.000000      3.000000 90. 70.
59948     18.226400    109.587502    368.20   4420.00    118.800003      3.400000 90. 90.
59948     18.226400    109.587502    368.20   4660.00    115.199997      3.500000 90. 50.
59948     18.226400    109.587502    368.20   4900.00    134.199997      2.800000 90. 90.
59948     18.226400    109.587502    368.20   5140.00    108.599998      3.300000 90. 90.
59948     18.226400    109.587502    368.20   5380.00     99.199997      4.200000 90. 70.
59948     18.226400    109.587502    368.20   5620.00     89.400002      4.600000 90. 70.
59948     18.226400    109.587502    368.20   5860.00     88.000000      4.500000 90. 70.
59948     18.226400    109.587502    368.20   6100.00     83.699997      5.600000 70. 50.
