59981     16.820000    112.330002     20.00    150.00    143.300003      5.100000 90. 90.
59981     16.820000    112.330002     20.00    270.00    142.899994      5.700000 90. 50.
59981     16.820000    112.330002     20.00    390.00    141.899994      6.400000 90. 90.
59981     16.820000    112.330002     20.00    510.00    144.100006      6.900000 90. 90.
59981     16.820000    112.330002     20.00    630.00    144.000000      7.500000 90. 90.
59981     16.820000    112.330002     20.00    750.00    142.500000      7.600000 90. 90.
59981     16.820000    112.330002     20.00    870.00    140.100006      7.400000 90. 90.
59981     16.820000    112.330002     20.00    990.00    138.600006      7.300000 90. 90.
59981     16.820000    112.330002     20.00   1110.00    139.800003      6.800000 90. 70.
59981     16.820000    112.330002     20.00   1230.00    140.300003      6.700000 90. 90.
59981     16.820000    112.330002     20.00   1350.00    142.699997      6.500000 90. 90.
59981     16.820000    112.330002     20.00   1470.00    141.699997      6.100000 90. 90.
59981     16.820000    112.330002     20.00   1590.00    144.199997      6.100000 90. 90.
59981     16.820000    112.330002     20.00   1710.00    137.899994      5.700000 90. 70.
59981     16.820000    112.330002     20.00   1830.00    135.600006      5.300000 90. 50.
59981     16.820000    112.330002     20.00   1950.00    134.800003      5.300000 90. 50.
59981     16.820000    112.330002     20.00   2070.00    129.100006      6.300000 90.  0.
59981     16.820000    112.330002     20.00   2190.00    127.000000      5.800000 90.  0.
59981     16.820000    112.330002     20.00   2310.00    121.900002      5.000000 90. 50.
59981     16.820000    112.330002     20.00   2430.00    130.000000      6.200000 90. 50.
59981     16.820000    112.330002     20.00   1470.00    140.399994      0.800000 90. 90.
59981     16.820000    112.330002     20.00   1710.00    136.699997      5.700000 90.  0.
59981     16.820000    112.330002     20.00   1950.00    139.699997      5.800000 90. 70.
59981     16.820000    112.330002     20.00   2190.00    140.500000      5.600000 90. 70.
59981     16.820000    112.330002     20.00   2430.00    130.100006      5.200000 90. 50.
59981     16.820000    112.330002     20.00   2670.00    128.800003      5.900000 90. 50.
59981     16.820000    112.330002     20.00   2910.00    127.500000      5.700000 90. 50.
59981     16.820000    112.330002     20.00   3150.00    122.800003      6.200000 90. 50.
59981     16.820000    112.330002     20.00   3390.00    126.000000      6.500000 90. 70.
59981     16.820000    112.330002     20.00   3630.00    131.500000      6.800000 90.  0.
59981     16.820000    112.330002     20.00   3870.00    136.600006      6.300000 90. 50.
59981     16.820000    112.330002     20.00   4110.00    122.599998      7.200000 90.  0.
59981     16.820000    112.330002     20.00   6030.00    149.800003      6.700000 70. 50.
59981     16.820000    112.330002     20.00   6270.00    149.600006      8.900000 70. 50.
59981     16.820000    112.330002     20.00   6510.00    142.899994      8.100000 90. 50.
59981     16.820000    112.330002     20.00   6750.00    145.500000      8.000000 70. 50.
59981     16.820000    112.330002     20.00   6990.00    141.600006      8.600000 70. 50.
