G3239     22.700001    113.550003      7.00    151.00     55.099998      0.200000 90. 90.
G3239     22.700001    113.550003      7.00    211.00    141.600006      0.700000 90. 90.
G3239     22.700001    113.550003      7.00    272.00    127.099998      1.100000 90. 90.
G3239     22.700001    113.550003      7.00    332.00    211.399994      0.600000 90. 90.
G3239     22.700001    113.550003      7.00    392.00    105.099998      0.800000 90. 90.
G3239     22.700001    113.550003      7.00    452.00    117.300003      1.100000 90. 90.
G3239     22.700001    113.550003      7.00    513.00    125.000000      1.300000 90. 90.
G3239     22.700001    113.550003      7.00    633.00    149.300003      1.100000 90. 90.
G3239     22.700001    113.550003      7.00    693.00     90.000000      4.900000 90. 90.
G3239     22.700001    113.550003      7.00    754.00     85.199997      4.700000 90. 90.
G3239     22.700001    113.550003      7.00    814.00     83.800003      4.600000 90. 90.
G3239     22.700001    113.550003      7.00    934.00     85.699997      4.700000 90. 90.
G3239     22.700001    113.550003      7.00    995.00     71.000000      4.800000 90. 90.
G3239     22.700001    113.550003      7.00   1055.00     74.400002      5.000000 90. 90.
G3239     22.700001    113.550003      7.00   1115.00     86.400002      5.400000 90. 50.
G3239     22.700001    113.550003      7.00   1175.00    102.500000      5.900000 90. 90.
G3239     22.700001    113.550003      7.00   1236.00    101.400002      5.900000 90. 90.
G3239     22.700001    113.550003      7.00   1296.00    154.500000      2.900000 90. 90.
G3239     22.700001    113.550003      7.00   1356.00    153.800003      3.300000 90. 90.
G3239     22.700001    113.550003      7.00   1416.00    155.500000      3.700000 90. 70.
G3239     22.700001    113.550003      7.00   1477.00    156.500000      4.000000 90. 50.
G3239     22.700001    113.550003      7.00    333.00    252.300003      2.900000 90. 90.
G3239     22.700001    113.550003      7.00    429.00    250.800003      2.900000 90. 90.
G3239     22.700001    113.550003      7.00    525.00    240.600006      1.500000 90. 90.
G3239     22.700001    113.550003      7.00    622.00    248.699997      3.100000 90. 90.
G3239     22.700001    113.550003      7.00    718.00    253.699997      3.600000 90. 90.
G3239     22.700001    113.550003      7.00    815.00     99.199997      0.100000 90. 90.
G3239     22.700001    113.550003      7.00    911.00    134.100006      0.300000 90. 90.
G3239     22.700001    113.550003      7.00   1007.00    125.300003      0.200000 90. 90.
G3239     22.700001    113.550003      7.00   1104.00    354.399994      0.700000 90. 50.
G3239     22.700001    113.550003      7.00   1200.00    344.299988      1.200000 90. 50.
G3239     22.700001    113.550003      7.00   1297.00    345.100006      1.700000 90. 50.
G3239     22.700001    113.550003      7.00   1393.00    340.000000      1.800000 90. 50.
G3239     22.700001    113.550003      7.00   1489.00    329.700012      2.200000 90. 50.
G3239     22.700001    113.550003      7.00   1586.00    277.500000      5.900000 90. 50.
G3239     22.700001    113.550003      7.00   1682.00    277.700012      6.200000 90. 50.
G3239     22.700001    113.550003      7.00   1779.00    322.700012      1.800000 90. 50.
G3239     22.700001    113.550003      7.00   1875.00    316.100006      2.500000 90. 50.
G3239     22.700001    113.550003      7.00   2164.00    297.700012      4.100000 70. 70.
G3239     22.700001    113.550003      7.00   2357.00    332.000000      3.100000 90. 50.
G3239     22.700001    113.550003      7.00   2839.00    342.299988      4.300000 90. 50.
G3239     22.700001    113.550003      7.00   2936.00    341.899994      3.900000 90. 50.
G3239     22.700001    113.550003      7.00   3032.00    342.600006      3.800000 90. 50.
G3239     22.700001    113.550003      7.00   3128.00    342.899994      4.000000 90. 50.
