G7190     21.559999    111.860001    119.00    100.00    185.300003      2.800000 90. 90.
G7190     21.559999    111.860001    119.00    160.00    189.100006      3.300000 90. 90.
G7190     21.559999    111.860001    119.00    220.00    189.699997      3.600000 90. 90.
G7190     21.559999    111.860001    119.00    280.00    190.800003      3.800000 90. 90.
G7190     21.559999    111.860001    119.00    340.00    185.899994      3.900000 90. 90.
G7190     21.559999    111.860001    119.00    400.00    189.699997      4.300000 90. 90.
G7190     21.559999    111.860001    119.00    460.00    196.199997      4.000000 90. 90.
G7190     21.559999    111.860001    119.00    520.00    191.699997      4.100000 90. 90.
G7190     21.559999    111.860001    119.00    580.00    190.500000      4.000000 90. 90.
G7190     21.559999    111.860001    119.00    640.00    190.600006      4.400000 90. 90.
G7190     21.559999    111.860001    119.00    700.00    185.800003      5.200000 90. 90.
G7190     21.559999    111.860001    119.00    760.00    190.300003      5.400000 90. 90.
G7190     21.559999    111.860001    119.00    820.00    185.899994      4.100000 90. 90.
G7190     21.559999    111.860001    119.00    880.00    189.899994      4.900000 90. 90.
G7190     21.559999    111.860001    119.00    940.00    191.300003      5.600000 90. 90.
G7190     21.559999    111.860001    119.00   1000.00    191.899994      5.600000 90. 90.
G7190     21.559999    111.860001    119.00   1060.00    201.600006      4.600000 90. 90.
G7190     21.559999    111.860001    119.00   1120.00    201.199997      5.400000 90. 90.
G7190     21.559999    111.860001    119.00   1180.00    198.199997      6.600000 90. 90.
G7190     21.559999    111.860001    119.00   1240.00    196.600006      6.200000 90. 90.
G7190     21.559999    111.860001    119.00   1300.00    193.699997      6.200000 90. 90.
G7190     21.559999    111.860001    119.00   1360.00    201.100006      6.100000 90. 90.
G7190     21.559999    111.860001    119.00   1420.00    197.600006      6.100000 90. 70.
G7190     21.559999    111.860001    119.00   1480.00    186.899994      5.800000 90. 70.
G7190     21.559999    111.860001    119.00   1540.00    189.000000      5.700000 90. 50.
G7190     21.559999    111.860001    119.00   1600.00    184.699997      5.800000 90. 50.
G7190     21.559999    111.860001    119.00   1660.00    179.600006      5.200000 90. 50.
G7190     21.559999    111.860001    119.00   1720.00    194.000000      5.900000 90. 50.
G7190     21.559999    111.860001    119.00   1780.00    194.600006      6.200000 90. 50.
G7190     21.559999    111.860001    119.00   1900.00    214.100006      5.800000 90. 50.
G7190     21.559999    111.860001    119.00   2080.00    200.600006      4.800000 70. 50.
G7190     21.559999    111.860001    119.00   2140.00    182.500000      3.900000 90. 50.
G7190     21.559999    111.860001    119.00   2200.00    192.699997      4.700000 90. 50.
G7190     21.559999    111.860001    119.00   2260.00    189.899994      6.300000 90. 50.
G7190     21.559999    111.860001    119.00   2440.00    358.399994      1.300000 90.  0.
G7190     21.559999    111.860001    119.00   2620.00    270.600006      3.300000 90.  0.
G7190     21.559999    111.860001    119.00   2740.00    245.800003      4.000000 90.  0.
G7190     21.559999    111.860001    119.00   2070.00    196.000000      6.400000 90. 70.
G7190     21.559999    111.860001    119.00   2190.00    188.199997      5.500000 90. 70.
G7190     21.559999    111.860001    119.00   2310.00    197.300003      7.300000 90. 70.
G7190     21.559999    111.860001    119.00   2430.00    201.399994      7.800000 90. 50.
G7190     21.559999    111.860001    119.00   2550.00    207.899994      8.000000 90. 50.
G7190     21.559999    111.860001    119.00   2670.00    205.300003      8.000000 90. 50.
G7190     21.559999    111.860001    119.00   2790.00    212.000000      7.200000 90. 50.
G7190     21.559999    111.860001    119.00   2910.00    213.500000      6.400000 90. 50.
G7190     21.559999    111.860001    119.00   3030.00    207.800003      6.300000 90.  0.
G7190     21.559999    111.860001    119.00   3150.00    237.800003      2.800000 90.  0.
G7190     21.559999    111.860001    119.00   3390.00    264.100006      3.200000 90.  0.
G7190     21.559999    111.860001    119.00   3510.00    237.699997      3.100000 90.  0.
